articleNo,articleName,tradeTypeName,floorInfo,rentPrc,dealOrWarrantPrc,area1,area2,direction,articleConfirmYmd,tagList,latitude,longitude
2524612440,일반상가,월세,3/4,120,"1,200",85,85,남서향,20250509,"['25년이상', '융자금적은', '역세권', '고층']",37.537072,126.895969
2524668325,일반상가,월세,1/2,250,"4,000",47,47,북동향,20250509,"['25년이상', '역세권', '1층', '총2층']",37.537123,126.895073
2524424591,일반상가,월세,4/15,"1,000",2억,330,274,서향,20250508,"['2년이내', '역세권', '지상층(1층제외)', '주차가능']",37.535311,126.897765
2524439180,일반상가,월세,B1/15,"1,300","1억 7,000",505,363,서향,20250508,"['2년이내', '역세권', '지하층', '주차가능']",37.535311,126.897765
2524414814,일반상가,월세,1/3,500,"4,000",107,107,북서향,20250508,"['25년이상', '역세권', '1층', '관리비10만원이하']",37.537507,126.893967
2524441696,일반상가,월세,1/2,300,"5,000",62,60,남서향,20250508,"['25년이상', '역세권', '1층', '총2층']",37.537777,126.894534
2524517050,일반상가,월세,1/4,135,"2,000",68,68,북서향,20250508,"['25년이상', '역세권', '1층', '주차가능']",37.537726,126.895795
2524608411,일반상가,월세,1/8,60,"2,000",17,17,남서향,20250508,"['10년이내', '역세권', '1층', '관리비10만원이하']",37.537872,126.895345
2524418718,일반상가,월세,B1/3,55,500,74,74,북동향,20250508,"['25년이상', '역세권', '지하층', '총3층']",37.535843,126.897383
2524414539,일반상가,월세,1/10,280,"5,000",101,73,북서향,20250508,"['15년이내', '역세권', '1층', '관리비20만원이하']",37.53783,126.894642
2524364037,일반상가,월세,1/3,450,"4,000",109,109,서향,20250508,"['25년이상', '역세권', '1층', '관리비10만원이하']",37.537507,126.893967
2524418784,일반상가,월세,1/3,190,"3,000",40,40,남동향,20250508,"['25년이상', '역세권', '1층', '관리비10만원이하']",37.536554,126.894571
2524428802,일반상가,월세,1/2,200,"4,000",154,38,남서향,20250508,"['25년이상', '역세권', '1층', '총2층']",37.537152,126.895739
2524418346,일반상가,월세,1/1,160,"3,000",30,30,북동향,20250508,"['25년이상', '역세권', '1층', '천장에어컨']",37.53667,126.895957
2524436095,일반상가,월세,1/3,170,"3,500",39,33,남동향,20250508,"['25년이상', '역세권', '1층', '총3층']",37.53675,126.89472
2524417130,일반상가,월세,1/15,270,"4,500",105,53,북서향,20250508,"['15년이내', '역세권', '1층', '주차가능']",37.536231,126.894998
2524548311,일반상가,월세,1/8,70,"1,000",31,17,북서향,20250508,"['10년이내', '역세권', '1층', '관리비10만원이하']",37.537872,126.895345
2524435240,일반상가,월세,B1/3,100,"1,000",85,85,북동향,20250508,"['25년이상', '역세권', '지하층', '총3층']",37.53675,126.89472
2524419044,일반상가,월세,1/15,650,1억,188,95,북서향,20250508,"['15년이내', '역세권', '1층', '주차가능']",37.536231,126.894998
2524451775,복합상가,월세,1/15,160,"3,000",32,32,북서향,20250508,"['15년이내', '역세권', '1층', '관리비10만원이하']",37.536231,126.894998
2524419191,일반상가,월세,1/2,300,"5,000",62,50,남서향,20250508,"['25년이상', '역세권', '1층', '총2층']",37.537777,126.894534
2524014134,일반상가,월세,4/4,40,400,13,13,남서향,20250508,"['25년이상', '역세권', '고층', '총4층']",37.537617,126.894922
2524378244,일반상가,월세,3/5,190,"2,500",128,116,동향,20250508,"['25년이상', '역세권', '중층', '관리비10만원이하']",37.536721,126.895854
2523921630,일반상가,월세,1/4,175,"4,000",57,57,동향,20250507,"['25년이상', '융자금없는', '역세권', '1층']",37.535035,126.896814
2524015709,일반상가,월세,2/3,150,"2,000",97,97,남향,20250507,"['10년이내', '역세권', '중층', '관리비10만원이하']",37.536134,126.896418
2524002740,일반상가,월세,1/3,250,"3,000",49,49,북서향,20250507,"['15년이내', '역세권', '1층', '총3층']",37.536196,126.896273
2524015450,일반상가,월세,9/15,"1,000",2억,463,331,북서향,20250507,"['2년이내', '역세권', '중층', '주차가능']",37.535311,126.897765
2524144139,일반상가,월세,4/7,115,"1,000",49,49,남서향,20250507,"['10년이내', '역세권', '중층', '주차가능']",37.538025,126.896013
2524015669,일반상가,월세,15/15,800,"1억 5,000",344,250,북서향,20250507,"['2년이내', '역세권', '고층', '주차가능']",37.535311,126.897765
2524274080,일반상가,월세,4/7,115,"1,000",52,52,남향,20250507,"['10년이내', '융자금적은', '역세권', '중층']",37.538025,126.896013
2524251240,일반상가,월세,1/5,60,500,26,26,남서향,20250507,"['25년이상', '역세권', '1층', '총5층']",37.538707,126.896586
2524015872,일반상가,월세,3/5,180,"2,000",128,125,북동향,20250507,"['25년이상', '역세권', '중층', '주차가능']",37.536721,126.895854
2524172370,일반상가,월세,5/15,"1,000",2억,463,330,북서향,20250507,"['2년이내', '역세권', '지상층(1층제외)', '주차가능']",37.535311,126.897765
2524169062,일반상가,월세,1/7,230,"4,000",67,66,남동향,20250507,"['4년이내', '역세권', '1층', '관리비20만원이하']",37.536455,126.899695
2524273970,일반상가,월세,2/4,100,"1,500",48,48,남동향,20250507,"['2년이내', '역세권', '중층', '총4층']",37.538277,126.895972
2524275394,일반상가,월세,2/4,140,"3,000",88,82,남동향,20250507,"['25년이상', '역세권', '중층', '총2층']",37.536142,126.895972
2524272499,일반상가,월세,1/5,472,"6,000",171,171,남서향,20250507,"['25년이상', '역세권', '1층', '총5층']",37.537242,126.895638
2524272428,일반상가,월세,2/6,340,"5,000",204,181,북동향,20250507,"['25년이상', '역세권', '지상층(1층제외)', '주차가능']",37.536847,126.895558
2524273587,일반상가,월세,2/5,250,"3,000",196,196,서향,20250507,"['25년이상', '융자금적은', '역세권', '중층']",37.538696,126.895137
2524273486,일반상가,월세,5/8,250,"4,000",209,204,북향,20250507,"['25년이내', '역세권', '중층', '주차가능']",37.536295,126.895475
2524270281,일반상가,월세,3/8,290,"3,000",146,132,남향,20250507,"['15년이내', '역세권', '중층', '주차가능']",37.536847,126.896496
2524275172,일반상가,월세,B1/7,900,"1억 5,000",534,438,북동향,20250507,"['15년이내', '역세권', '지하층', '주차가능']",37.535618,126.894735
2524237917,일반상가,월세,1/4,200,"4,000",43,43,동향,20250507,"['25년이상', '역세권', '1층', '총4층']",37.535035,126.896814
2524273293,일반상가,월세,B1/15,"1,100","1억 7,000",802,505,북서향,20250507,"['2년이내', '역세권', '지하층', '주차가능']",37.535311,126.897765
2524211059,일반상가,월세,1/6,190,"3,000",43,43,북동향,20250507,"['10년이내', '역세권', '1층', '북동향']",37.536847,126.895558
2524102454,단지내상가,월세,1/1,220,"5,000",41,39,북서향,20250507,"['25년이상', '융자금없는', '역세권', '1층']",37.53567,126.896233
2523921599,일반상가,월세,7/7,200,"4,000",85,82,남동향,20250507,"['4년이내', '역세권', '고층', '주차가능']",37.536455,126.899695
2524199967,일반상가,월세,5/15,"1,000",2억,331,280,서향,20250507,"['2년이내', '역세권', '지상층(1층제외)', '주차가능']",37.535311,126.897765
2524104782,일반상가,월세,1/12,295,"7,000",67,67,북동향,20250507,"['25년이내', '융자금없는', '역세권', '1층']",37.535419,126.895085
2524015511,일반상가,월세,1/5,85,"1,000",23,19,남향,20250507,"['25년이내', '역세권', '1층', '주차가능']",37.537581,126.895978
2524274471,일반상가,월세,2/8,260,"4,000",209,209,북향,20250507,"['25년이내', '역세권', '지상층(1층제외)', '주차가능']",37.536295,126.895475
2524204529,일반상가,월세,1/2,68,"1,000",70,70,북동향,20250507,"['25년이상', '역세권', '1층', '총2층']",37.536542,126.897634
2523921415,일반상가,월세,8/10,560,"5,000",264,198,남동향,20250507,"['10년이내', '테라스', '역세권', '고층']",37.53768,126.89473
2524273863,일반상가,월세,1/4,180,"3,000",105,79,동향,20250507,"['25년이상', '1층', '주차가능', '총4층']",37.533763,126.895606
2524292830,일반상가,월세,1/15,250,"5,000",50,50,북향,20250507,"['15년이내', '융자금적은', '역세권', '1층']",37.536231,126.894998
2524203354,일반상가,월세,1/2,200,"4,000",49,40,남서향,20250507,"['25년이상', '역세권', '1층', '총2층']",37.537152,126.895739
2524124441,복합상가,월세,1/8,230,"3,000",358,66,남동향,20250507,"['10년이내', '역세권', '1층', '주차가능']",37.535932,126.897002
2524274292,일반상가,월세,4/6,680,"8,000",380,290,남서향,20250507,"['25년이상', '중층', '남서향']",37.533959,126.895856
2524272957,일반상가,월세,2/3,250,"2,500",163,138,남동향,20250507,"['25년이상', '역세권', '중층', '주차가능']",37.536999,126.896608
2524272591,일반상가,월세,4/4,60,600,33,26,동향,20250507,"['25년이상', '고층', '주차가능', '총4층']",37.533763,126.895606
2524275579,일반상가,월세,6/6,180,"2,000",176,115,남향,20250507,"['25년이상', '역세권', '고층', '주차가능']",37.536975,126.894825
2524274962,일반상가,월세,1/5,170,"2,500",59,59,북동향,20250507,"['25년이상', '1층', '관리비20만원이하', '주차가능']",37.534182,126.895425
2524274173,일반상가,월세,3/3,135,"2,000",90,45,남동향,20250507,"['25년이상', '역세권', '고층', '주차가능']",37.536999,126.896608
2523746001,일반상가,월세,1/1,180,"3,000",53,39,남서향,20250503,"['25년이상', '역세권', '1층', '남서향']",37.535743,126.89734
2523643240,일반상가,월세,1/1,180,"3,000",33,33,북동향,20250503,"['25년이상', '역세권', '1층', '북동향']",37.53667,126.895957
2523786690,일반상가,월세,6/6,350,"5,000",250,214,남동향,20250503,"['15년이내', '역세권', '고층', '주차가능']",37.535851,126.895379
2523695966,일반상가,월세,9/10,270,"4,000",130,98,북서향,20250503,"['2년이내', '역세권', '고층', '주차가능']",37.536691,126.895333
2523504166,일반상가,월세,1/3,200,"2,000",88,88,남서향,20250502,"['25년이상', '역세권', '1층', '총3층']",37.535726,126.897267
2523291823,일반상가,월세,1/4,163,"4,000",56,56,남동향,20250502,"['25년이상', '역세권', '1층', '관리비20만원이하']",37.535035,126.896814
2523616653,일반상가,월세,B1/4,100,"1,000",85,85,서향,20250502,"['25년이상', '융자금적은', '역세권', '지하층']",37.537072,126.895969
2523616839,일반상가,월세,3/4,110,"1,100",61,61,남향,20250502,"['25년이상', '융자금적은', '역세권', '고층']",37.537072,126.895969
2523252689,단지내상가,월세,1/2,230,"4,000",290,74,북동향,20250502,"['25년이상', '역세권', '1층', '관리비20만원이하']",37.53567,126.896233
2523600054,일반상가,월세,3/5,130,"2,000",94,94,서향,20250502,"['25년이상', '융자금없는', '역세권', '중층']",37.536529,126.899512
2523606815,일반상가,월세,1/1,160,"3,000",39,39,북동향,20250502,"['25년이상', '역세권', '1층', '북동향']",37.53667,126.895957
2523363388,일반상가,월세,3/4,150,"1,500",105,89,북동향,20250502,"['25년이상', '역세권', '고층', '총4층']",37.535435,126.89826
2523248473,일반상가,월세,1/5,220,"3,000",67,56,북동향,20250502,"['25년이상', '1층', '관리비20만원이하', '주차가능']",37.534182,126.895425
2523415088,일반상가,월세,6/7,200,"4,000",85,82,남동향,20250502,"['4년이내', '역세권', '고층', '주차가능']",37.536455,126.899695
2523544899,일반상가,월세,3/10,220,"3,000",115,98,남서향,20250502,"['2년이내', '역세권', '지상층(1층제외)', '주차가능']",37.536691,126.895333
2523421635,복합상가,월세,B1/15,"1,300","1억 7,000",679,505,북서향,20250502,"['2년이내', '역세권', '지하층', '주차가능']",37.535311,126.897765
2523579569,일반상가,월세,1/3,190,"3,000",93,43,남동향,20250502,"['25년이상', '역세권', '1층', '관리비10만원이하']",37.536554,126.894571
2523576377,일반상가,월세,1/10,280,"5,000",99,99,남서향,20250502,"['15년이내', '역세권', '1층', '관리비20만원이하']",37.53783,126.894642
2523459549,일반상가,월세,1/15,450,"5,000",100,98,남향,20250502,"['15년이내', '역세권', '1층', '주차가능']",37.536231,126.894998
2523468693,일반상가,월세,1/15,240,"4,000",49,49,북서향,20250502,"['15년이내', '역세권', '1층', '관리비20만원이하']",37.536231,126.894998
2523545266,일반상가,월세,1/3,140,"1,000",37,37,남향,20250502,"['25년이상', '역세권', '1층', '관리비10만원이하']",37.537356,126.893928
2523220342,일반상가,월세,8/15,"1,000",2억,463,330,북서향,20250502,"['2년이내', '역세권', '중층', '주차가능']",37.535311,126.897765
2523600507,일반상가,월세,1/16,750,"7,500",417,132,남향,20250502,"['25년이내', '1층', '주차가능', '남향']",37.53398,126.897112
2523020383,일반상가,매매,B1/7,,24억,638,438,북향,20250430,"['15년이내', '역세권', '지하층', '주차가능']",37.535618,126.894735
2523199548,일반상가,월세,3/5,150,"2,000",87,61,북동향,20250430,"['25년이상', '중층', '관리비10만원이하', '주차가능']",37.534182,126.895425
2523184937,일반상가,월세,1/3,170,"3,500",49,29,남동향,20250430,"['25년이상', '역세권', '1층', '주차가능']",37.53675,126.89472
2523199952,일반상가,월세,3/9,250,"3,000",130,98,북향,20250430,"['10년이내', '역세권', '지상층(1층제외)', '엘리베이터']",37.536691,126.895333
2523195421,일반상가,월세,B1/4,150,"1,500",142,142,남향,20250430,"['25년이상', '역세권', '지하층', '총4층']",37.537684,126.895173
2523201349,일반상가,월세,5/15,"1,000",2억,331,297,북서향,20250430,"['2년이내', '역세권', '지상층(1층제외)', '주차가능']",37.535311,126.897765
2523194525,일반상가,월세,1/3,250,"2,000",55,55,남향,20250430,"['25년이상', '융자금적은', '역세권', '1층']",37.538475,126.896327
2523141490,일반상가,월세,B1/3,53,"5,000",36,36,북향,20250430,"['25년이상', '융자금없는', '역세권', '지하층']",37.537657,126.896379
2523176963,일반상가,월세,1/2,190,"2,000",53,53,북동향,20250430,"['25년이상', '역세권', '1층', '총2층']",37.536879,126.89376
2523199533,일반상가,월세,9/9,200,"2,000",113,113,서향,20250430,"['25년이상', '역세권', '고층', '주차가능']",37.535135,126.89756
2523200090,일반상가,월세,8/10,290,"4,000",152,152,남서향,20250430,"['15년이내', '역세권', '고층', '주차가능']",37.53783,126.894642
2523203013,일반상가,월세,1/15,160,"3,000",64,32,북서향,20250430,"['15년이내', '역세권', '1층', '관리비10만원이하']",37.536231,126.894998
2523201461,일반상가,월세,13/15,"1,000",2억,331,280,북서향,20250430,"['2년이내', '역세권', '고층', '주차가능']",37.535311,126.897765
2522987724,복합상가,월세,1/15,240,"4,000",96,48,북향,20250429,"['15년이내', '역세권', '1층', '북향']",37.536231,126.894998
2522890602,일반상가,월세,2/3,238,"3,000",145,145,북동향,20250429,"['25년이상', '역세권', '중층', '총3층']",37.537429,126.895265
2522999873,일반상가,월세,1/6,180,"3,000",46,46,북동향,20250429,"['25년이상', '역세권', '1층', '관리비20만원이하']",37.536847,126.895558
2522949125,일반상가,월세,1/14,450,"5,000",220,111,남서향,20250429,"['15년이내', '역세권', '1층', '주차가능']",37.536231,126.894998
2522866208,일반상가,월세,3/15,"1,000",2억,331,274,북서향,20250429,"['2년이내', '역세권', '지상층(1층제외)', '주차가능']",37.535311,126.897765
2522874941,일반상가,월세,1/4,163,"4,000",115,56,남동향,20250429,"['25년이상', '역세권', '1층', '관리비20만원이하']",37.535035,126.896814
2522918297,복합상가,월세,1/15,270,"4,500",53,53,서향,20250429,"['15년이내', '역세권', '1층', '관리비20만원이하']",37.536231,126.894998
2522939963,일반상가,월세,1/15,270,"4,500",104,53,남서향,20250429,"['15년이내', '역세권', '1층', '주차가능']",37.536231,126.894998
2522963327,일반상가,월세,1/4,163,"4,000",115,57,남동향,20250429,"['25년이상', '역세권', '1층', '관리비10만원이하']",37.535035,126.896814
2522999708,복합상가,월세,1/15,270,"4,500",105,55,북동향,20250429,"['15년이내', '역세권', '1층', '주차가능']",37.536231,126.894998
2523002923,단지내상가,월세,1/15,450,"5,000",194,98,남향,20250429,"['15년이내', '역세권', '1층', '주차가능']",37.536231,126.894998
2522986671,일반상가,월세,1/4,250,"5,000",109,109,남서향,20250429,"['25년이상', '역세권', '1층', '총4층']",37.534474,126.89793
2522784288,일반상가,월세,1/8,60,"2,000",34,17,남서향,20250429,"['10년이내', '융자금없는', '역세권', '1층']",37.537872,126.895345
2522707030,일반상가,월세,1/8,230,"3,000",309,66,남서향,20250428,"['10년이내', '역세권', '1층', '주차가능']",37.535932,126.897002
2522714540,일반상가,월세,1/2,220,"6,000",39,39,북서향,20250428,"['25년이상', '역세권', '1층', '총2층']",37.53567,126.896233
2522711793,일반상가,월세,1/3,250,"3,000",63,62,남서향,20250428,"['15년이내', '역세권', '1층', '주차가능']",37.536196,126.896273
2522665939,일반상가,월세,4/9,400,"5,000",161,145,북동향,20250428,"['4년이내', '역세권', '중층', '주차가능']",37.5361,126.896992
2522686299,일반상가,월세,2/3,238,"3,000",149,149,남서향,20250428,"['25년이상', '역세권', '중층', '관리비20만원이하']",37.537429,126.895265
2522557360,일반상가,월세,1/1,230,"4,000",59,59,남서향,20250428,"['25년이상', '역세권', '1층', '남서향']",37.537293,126.894219
2522587665,일반상가,월세,2/6,210,"2,000",82,66,동향,20250428,"['10년이내', '역세권', '지상층(1층제외)', '관리비20만원이하']",37.536646,126.894643
2522685161,일반상가,월세,1/4,150,"2,500",59,40,북동향,20250428,"['25년이상', '역세권', '1층', '관리비10만원이하']",37.536358,126.899621
2522581942,일반상가,월세,1/15,650,1억,95,95,북서향,20250428,"['15년이내', '역세권', '1층', '주차가능']",37.536231,126.894998
2522719531,일반상가,월세,3/4,110,"1,100",61,55,북서향,20250428,"['25년이상', '역세권', '고층', '관리비10만원이하']",37.537072,126.895969
2522576462,일반상가,월세,1/3,185,"2,700",80,49,북동향,20250428,"['25년이상', '융자금없는', '역세권', '1층']",37.53591,126.897321
2522578427,단지내상가,월세,1/2,226,"5,000",56,56,북동향,20250428,"['25년이상', '융자금없는', '역세권', '1층']",37.53567,126.896233
2522642735,일반상가,월세,1/6,150,"2,500",33,33,남서향,20250428,"['25년이상', '역세권', '1층', '관리비20만원이하']",37.536975,126.894825
2522534727,일반상가,월세,전체층/7,250,"4,000",173,173,남서향,20250428,"['10년이내', '역세권', '주차가능', '남서향']",37.53607,126.896562
2522314230,일반상가,월세,1/2,300,"5,000",62,62,북서향,20250426,"['25년이상', '역세권', '1층', '총2층']",37.537777,126.894534
2522342721,일반상가,월세,B1/16,267,"2,671",296,147,남동향,20250426,"['15년이내', '융자금없는', '지하층', '주차가능']",37.53398,126.897112
2522445957,일반상가,월세,15/15,800,"1억 5,000",250,250,북서향,20250426,"['2년이내', '테라스', '역세권', '고층']",37.535311,126.897765
2522093461,복합상가,월세,1/15,250,"3,000",96,49,북서향,20250425,"['15년이내', '역세권', '1층', '관리비20만원이하']",37.536231,126.894998
2522141584,일반상가,월세,1/16,764,"7,640",270,134,남동향,20250425,"['15년이내', '융자금없는', '1층', '주차가능']",37.53398,126.897112
2522285053,일반상가,월세,1/3,170,"3,500",49,33,남동향,20250425,"['25년이상', '역세권', '1층', '관리비10만원이하']",37.53675,126.89472
2522098697,일반상가,월세,1/5,220,"3,000",60,56,북동향,20250425,"['25년이상', '1층', '관리비10만원이하', '주차가능']",37.534182,126.895425
2522163287,일반상가,월세,1/5,200,"3,000",67,67,북동향,20250425,"['25년이상', '1층', '관리비10만원이하', '주차가능']",37.534182,126.895425
2522262058,일반상가,월세,4/6,200,"2,000",112,90,서향,20250425,"['25년이내', '역세권', '중층', '주차가능']",37.536846,126.895076
2522214522,일반상가,월세,1/16,750,"7,500",132,132,서향,20250425,"['15년이내', '1층', '서향']",37.53398,126.897112
2522270786,일반상가,월세,1/3,340,"5,000",56,56,남동향,20250425,"['25년이상', '역세권', '1층', '총3층']",37.53675,126.89472
2521898838,일반상가,월세,1/7,120,"3,000",85,23,남서향,20250424,"['10년이내', '역세권', '1층', '주차가능']",37.536783,126.895191
2522009759,일반상가,월세,4/15,"1,000",2억,463,330,북서향,20250424,"['2년이내', '역세권', '지상층(1층제외)', '주차가능']",37.535311,126.897765
2522018840,일반상가,월세,1/3,180,"2,000",41,41,남동향,20250424,"['25년이상', '역세권', '1층', '천장에어컨']",37.534489,126.898067
2522014039,일반상가,매매,B2/7,,5억,389,267,북동향,20250424,"['15년이내', '역세권', '지하층', '주차가능']",37.535618,126.894735
2522008268,일반상가,월세,3/4,200,"3,000",258,82,남동향,20250424,"['15년이내', '역세권', '고층', '엘리베이터']",37.535104,126.898501
2522011144,일반상가,월세,1/3,185,"2,600",80,46,북동향,20250424,"['25년이상', '역세권', '1층', '총3층']",37.53591,126.897321
2522018340,일반상가,월세,1/4,275,"5,000",132,132,남서향,20250424,"['25년이상', '역세권', '1층', '관리비10만원이하']",37.534514,126.897851
2522002788,일반상가,월세,2/4,140,"3,000",88,88,북동향,20250424,"['25년이상', '융자금없는', '역세권', '중층']",37.536142,126.895972
2522029301,일반상가,월세,2/3,250,"2,500",163,163,동향,20250424,"['25년이상', '역세권', '중층', '주차가능']",37.536999,126.896608
2521955805,일반상가,월세,3/5,230,"4,000",100,100,북동향,20250424,"['25년이상', '중층', '주차가능', '엘리베이터']",37.534182,126.895425
2522052178,복합상가,월세,1/4,60,"1,000",16,16,북서향,20250424,"['25년이상', '역세권', '1층', '총4층']",37.538576,126.896386
2521971606,일반상가,월세,4/6,200,"2,000",99,99,북서향,20250424,"['25년이내', '역세권', '중층', '관리비20만원이하']",37.536846,126.895076
2521913112,일반상가,월세,4/7,115,"1,000",57,57,남서향,20250424,"['10년이내', '융자금없는', '역세권', '중층']",37.538025,126.896013
2521631357,일반상가,월세,2/10,540,"5,000",198,198,남동향,20250423,"['10년이내', '역세권', '지상층(1층제외)', '주차가능']",37.53768,126.89473
2521645651,일반상가,월세,2/10,540,"5,000",198,142,남향,20250423,"['10년이내', '테라스', '역세권', '지상층(1층제외)']",37.53768,126.89473
2521661642,일반상가,월세,1/4,250,"5,000",80,80,남동향,20250423,"['25년이상', '융자금없는', '1층', '주차가능']",37.533763,126.895606
2521710387,일반상가,월세,1/2,190,"2,000",62,53,북동향,20250423,"['25년이상', '역세권', '1층', '주차가능']",37.536879,126.89376
2521782791,일반상가,월세,7/10,580,"8,000",304,275,남서향,20250423,"['15년이내', '역세권', '고층', '주차가능']",37.53783,126.894642
2521392164,일반상가,월세,2/4,260,"2,000",180,142,북동향,20250422,"['25년이내', '역세권', '중층', '관리비20만원이하']",37.53715,126.8949
2521500882,일반상가,월세,2/4,60,600,33,26,동향,20250422,"['25년이상', '중층', '주차가능', '총4층']",37.533763,126.895606
2521507572,일반상가,월세,2/5,300,"4,000",135,105,남서향,20250422,"['25년이상', '융자금적은', '중층', '관리비10만원이하']",37.534556,126.897085
2521533090,일반상가,월세,3/5,600,"7,000",330,330,북동향,20250422,"['25년이상', '중층', '주차가능', '엘리베이터']",37.534182,126.895425
2521498883,일반상가,월세,3/4,60,600,33,26,동향,20250422,"['25년이상', '고층', '주차가능', '총4층']",37.533763,126.895606
2521490643,일반상가,월세,4/6,680,"8,000",379,290,남동향,20250422,"['25년이상', '중층', '주차가능', '엘리베이터']",37.533959,126.895856
2521431140,일반상가,매매,1/15,,"23억 5,000",491,318,서향,20250422,"['25년이내', '역세권', '1층', '주차가능']",37.534841,126.897692
2521635900,일반상가,월세,1/4,295,"4,000",93,80,북동향,20250422,"['25년이상', '융자금적은', '역세권', '1층']",37.537499,126.894173
2521493516,일반상가,월세,5/6,680,"8,000",379,290,남동향,20250422,"['25년이상', '고층', '주차가능', '엘리베이터']",37.533959,126.895856
2521393843,일반상가,월세,1/12,350,"4,000",76,76,북동향,20250422,"['25년이내', '융자금적은', '역세권', '1층']",37.535419,126.895085
2521469733,복합상가,월세,1/15,400,"7,000",103,67,북향,20250422,"['25년이내', '융자금없는', '역세권', '1층']",37.535419,126.895085
2521568599,복합상가,월세,1/16,750,"7,500",417,417,동향,20250422,"['15년이내', '1층', '주차가능', '동향']",37.53398,126.897112
2521141282,일반상가,월세,1/1,220,"5,000",136,70,남향,20250421,"['25년이상', '역세권', '1층', '남향']",37.53567,126.896233
2521121390,일반상가,월세,B1/15,"1,100","1억 7,000",504,363,서향,20250421,"['2년이내', '역세권', '지하층', '주차가능']",37.535311,126.897765
2521376153,일반상가,월세,1/3,190,"3,000",93,44,남동향,20250421,"['25년이상', '역세권', '1층', '총3층']",37.536554,126.894571
2521334690,일반상가,월세,1/3,250,"3,000",63,63,북서향,20250421,"['15년이내', '역세권', '1층', '총3층']",37.536196,126.896273
2521104686,일반상가,월세,2/8,400,"5,000",264,165,북동향,20250421,"['25년이내', '역세권', '지상층(1층제외)', '주차가능']",37.536224,126.896777
2521391747,일반상가,월세,1/4,295,"4,000",80,79,북동향,20250421,"['25년이상', '역세권', '1층', '총4층']",37.537499,126.894173
2521388546,일반상가,월세,1/2,160,"3,000",30,30,북동향,20250421,"['25년이상', '역세권', '1층', '총2층']",37.53667,126.895957
2521112816,일반상가,월세,3/4,300,"3,000",197,181,북동향,20250421,"['25년이상', '역세권', '고층', '총4층']",37.535435,126.89826
2521376657,일반상가,월세,1/2,400,"6,000",153,151,남서향,20250421,"['15년이내', '역세권', '1층', '총2층']",37.536393,126.894298
2521188121,일반상가,월세,1/3,250,"2,000",178,29,남향,20250421,"['25년이상', '역세권', '1층', '총3층']",37.537507,126.893967
2521346701,일반상가,매매,1/2,,"7억 5,000",49,49,북동향,20250421,"['25년이상', '역세권', '1층', '급매']",37.536542,126.897634
2521269090,일반상가,월세,2/4,260,"2,000",180,180,북동향,20250421,"['25년이내', '역세권', '중층', '관리비20만원이하']",37.53715,126.8949
2521281602,일반상가,월세,1/6,150,"2,500",202,33,남서향,20250421,"['25년이상', '역세권', '1층', '남서향']",37.536975,126.894825
2521278841,일반상가,월세,1/4,295,"4,000",80,72,북동향,20250421,"['25년이상', '역세권', '1층', '총4층']",37.537499,126.894173
2521280723,복합상가,월세,1/15,250,"5,000",50,49,북동향,20250421,"['15년이내', '역세권', '1층', '관리비20만원이하']",37.536231,126.894998
2521354385,일반상가,월세,7/15,"1,000",2억,318,318,북서향,20250421,"['2년이내', '역세권', '중층', '주차가능']",37.535311,126.897765
2521248217,일반상가,월세,1/4,130,"2,000",68,65,북서향,20250421,"['25년이상', '역세권', '1층', '관리비10만원이하']",37.537726,126.895795
2521004331,일반상가,월세,3/7,180,"3,000",87,72,동향,20250419,"['2년이내', '역세권', '중층', '관리비20만원이하']",37.535939,126.895816
2521059240,일반상가,월세,1/2,68,"1,000",35,35,북서향,20250419,"['25년이상', '융자금적은', '테라스', '역세권']",37.536482,126.89766
2521017771,일반상가,월세,1/4,380,"4,000",113,113,북향,20250419,"['4년이내', '역세권', '1층', '주차가능']",37.538278,126.895113
2521020099,일반상가,월세,1/4,85,"2,000",23,19,남향,20250419,"['25년이내', '역세권', '1층', '관리비20만원이하']",37.537581,126.895978
2520658567,일반상가,월세,1/4,295,"4,000",73,73,북동향,20250418,"['25년이상', '역세권', '1층', '관리비10만원이하']",37.537499,126.894173
2520829689,복합상가,매매,1/15,,11억,678,93,서향,20250418,"['25년이내', '역세권', '1층', '주차가능']",37.534938,126.897439
2520889749,일반상가,월세,6/6,350,"5,000",247,148,북서향,20250418,"['15년이내', '역세권', '고층', '주차가능']",37.535851,126.895379
2520849273,일반상가,월세,4/10,440,"5,000",181,148,남동향,20250418,"['10년이내', '테라스', '역세권', '중층']",37.53768,126.89473
2520878550,일반상가,월세,1/3,450,"9,000",178,107,북서향,20250418,"['25년이상', '융자금적은', '역세권', '1층']",37.537507,126.893967
2520829358,복합상가,매매,1/15,,12억,678,164,서향,20250418,"['25년이내', '역세권', '1층', '주차가능']",37.534938,126.897439
2520661646,일반상가,월세,6/15,"1,000",2억,330,274,서향,20250418,"['2년이내', '역세권', '중층', '주차가능']",37.535311,126.897765
2520450697,일반상가,월세,1/10,280,"5,000",101,101,남서향,20250417,"['15년이내', '역세권', '1층', '주차가능']",37.53783,126.894642
2520451448,일반상가,월세,1/2,400,"6,000",161,153,남서향,20250417,"['15년이내', '역세권', '1층', '총2층']",37.536393,126.894298
2520562668,일반상가,월세,4/7,180,"3,000",87,87,남향,20250417,"['2년이내', '역세권', '중층', '주차가능']",37.535939,126.895816
2520563098,일반상가,월세,5/7,180,"3,000",87,87,남향,20250417,"['2년이내', '역세권', '고층', '주차가능']",37.535939,126.895816
2520380030,일반상가,매매,1/7,,"3억 2,000",32,25,남동향,20250417,"['10년이내', '역세권', '1층', '관리비10만원이하']",37.538044,126.896708
2520451859,일반상가,월세,2/7,150,"3,000",83,83,,20250417,"['10년이내', '융자금적은', '역세권', '지상층(1층제외)']",37.53607,126.896562
2520584246,일반상가,매매,B2/7,,5억,517,267,북동향,20250417,"['15년이내', '역세권', '지하층', '주차가능']",37.535618,126.894735
2520651122,일반상가,월세,7/10,300,"3,000",152,152,남서향,20250417,"['15년이내', '역세권', '고층', '주차가능']",37.53783,126.894642
2520433620,일반상가,월세,1/10,280,"5,000",151,99,남서향,20250417,"['15년이내', '역세권', '1층', '주차가능']",37.53783,126.894642
2520376144,단지내상가,월세,1/1,220,"6,000",41,41,북서향,20250416,"['25년이상', '역세권', '1층', '주차가능']",37.53567,126.896233
2520337678,일반상가,월세,1/3,185,"2,700",80,50,동향,20250416,"['25년이상', '역세권', '1층', '총3층']",37.53591,126.897321
2520335706,단지내상가,월세,1/1,220,"6,000",93,41,북서향,20250416,"['25년이상', '융자금없는', '역세권', '1층']",37.53567,126.896233
2520336931,단지내상가,월세,1/15,250,"5,000",100,50,북동향,20250416,"['15년이내', '융자금없는', '역세권', '1층']",37.536231,126.894998
2520209958,일반상가,월세,1/7,200,"3,000",47,47,남서향,20250416,"['10년이내', '융자금없는', '역세권', '1층']",37.538025,126.896013
2520401114,일반상가,월세,3/7,150,"2,000",86,79,남서향,20250416,"['10년이내', '융자금적은', '역세권', '중층']",37.53607,126.896562
2520327105,일반상가,월세,3/4,200,"3,000",82,82,남동향,20250416,"['15년이내', '역세권', '고층', '총4층']",37.535104,126.898501
2520065584,일반상가,월세,1/3,170,"3,500",49,30,남향,20250415,"['25년이상', '역세권', '1층', '총3층']",37.53675,126.89472
2520062434,일반상가,월세,1/1,220,"6,000",78,41,북서향,20250415,"['25년이상', '역세권', '1층', '북서향']",37.53567,126.896233
2520096401,일반상가,월세,1/8,230,"3,000",66,66,남서향,20250415,"['10년이내', '역세권', '1층', '주차가능']",37.535932,126.897002
2520096507,일반상가,월세,1/3,320,"5,000",52,52,남동향,20250415,"['25년이상', '역세권', '1층', '관리비20만원이하']",37.53675,126.89472
2520094981,일반상가,월세,5/15,"1,000",2억,330,274,서향,20250415,"['2년이내', '역세권', '지상층(1층제외)', '주차가능']",37.535311,126.897765
2519331148,일반상가,월세,1/2,68,"1,000",70,70,남향,20250414,"['25년이상', '테라스', '역세권', '1층']",37.536482,126.89766
2519855439,일반상가,월세,1/1,180,"3,000",39,39,남동향,20250414,"['25년이내', '역세권', '1층', '남동향']",37.535743,126.89734
2519857676,일반상가,월세,1/3,200,"2,000",88,85,남서향,20250414,"['25년이상', '역세권', '1층', '총3층']",37.535726,126.897267
2519825931,일반상가,월세,1/3,190,"3,000",93,42,남동향,20250414,"['25년이상', '역세권', '1층', '총3층']",37.536554,126.894571
2519663329,일반상가,월세,10/15,500,1억,331,165,북서향,20250414,"['2년이내', '역세권', '중층', '주차가능']",37.535311,126.897765
2519731647,일반상가,월세,1/7,120,"3,000",33,23,남서향,20250414,"['10년이내', '역세권', '1층', '주차가능']",37.536783,126.895191
2519788922,일반상가,월세,3/4,300,"3,000",197,178,북동향,20250414,"['25년이상', '융자금적은', '역세권', '고층']",37.535435,126.89826
2519902239,복합상가,월세,1/15,250,"5,000",78,50,북향,20250414,"['15년이내', '역세권', '1층', '관리비20만원이하']",37.536231,126.894998
2519682845,일반상가,월세,3/7,180,"3,000",87,76,남동향,20250414,"['2년이내', '역세권', '중층', '주차가능']",37.535939,126.895816
2519346282,일반상가,월세,2/15,"1,300",2억,330,274,북서향,20250411,"['2년이내', '역세권', '지상층(1층제외)', '주차가능']",37.535326,126.897761
2519341273,일반상가,월세,B1/15,"1,300","1억 7,000",330,274,북서향,20250411,"['2년이내', '역세권', '지하층', '주차가능']",37.535326,126.897761
2519291485,일반상가,월세,2/20,"1,359","1억 3,594",686,347,남동향,20250411,"['15년이내', '융자금없는', '지상층(1층제외)', '주차가능']",37.53398,126.897112
2519317362,일반상가,월세,1/15,650,1억,126,95,북동향,20250411,"['15년이내', '역세권', '1층', '주차가능']",37.536231,126.894998
2519093881,단지내상가,월세,B1/15,90,"1,000",101,68,남동향,20250410,"['25년이내', '역세권', '지하층', '주차가능']",37.534938,126.897439
2518866290,일반상가,월세,1/3,80,"1,000",29,29,서향,20250410,"['25년이상', '역세권', '1층', '총3층']",37.537622,126.897407
2519013977,일반상가,월세,1/3,170,"3,500",26,26,남동향,20250410,"['25년이상', '역세권', '1층', '관리비20만원이하']",37.53675,126.89472
2519046525,일반상가,월세,1/2,250,"2,000",98,98,남향,20250410,"['25년이상', '융자금없는', '역세권', '1층']",37.537102,126.894447
2518858046,일반상가,월세,4/15,"1,000",2억,331,331,북서향,20250410,"['2년이내', '역세권', '지상층(1층제외)', '주차가능']",37.535311,126.897765
2519100977,일반상가,월세,1/7,120,"3,000",85,30,남향,20250410,"['10년이내', '역세권', '1층', '관리비10만원이하']",37.536783,126.895191
2519131713,일반상가,월세,2/4,200,"3,000",155,135,서향,20250410,"['25년이내', '역세권', '중층', '주차가능']",37.536352,126.896375
2519048918,일반상가,월세,1/2,200,"4,000",77,49,남서향,20250410,"['25년이상', '역세권', '1층', '총2층']",37.537152,126.895739
2518851261,일반상가,월세,3/7,250,"4,000",173,132,남서향,20250410,"['10년이내', '융자금적은', '역세권', '중층']",37.53607,126.896562
2518902366,일반상가,월세,1/4,250,"5,000",302,79,남동향,20250410,"['25년이상', '융자금적은', '1층', '주차가능']",37.533763,126.895606
2518767927,일반상가,월세,9/15,"1,200",2억,331,274,북서향,20250409,"['2년이내', '역세권', '중층', '주차가능']",37.535311,126.897765
