articleNo,articleName,tradeTypeName,floorInfo,rentPrc,dealOrWarrantPrc,area1,area2,direction,articleConfirmYmd,tagList,latitude,longitude
2524635686,일반상가,월세,1/14,770,"1억 5,000",99,99,남향,20250509,"['15년이내', '1층', '주차가능', '엘리베이터']",37.581175,126.890786
2524630886,단지내상가,월세,2/2,170,"4,000",50,50,동향,20250509,"['15년이내', '융자금적은', '고층', '관리비20만원이하']",37.585428,126.882157
2524635420,일반상가,월세,B1/18,130,"2,000",22,22,서향,20250509,"['10년이내', '지하층', '주차가능', '엘리베이터']",37.581985,126.889231
2524637300,일반상가,월세,2/15,"1,332","1억 2,000",652,342,동향,20250509,"['10년이내', '지상층(1층제외)', '주차가능', '엘리베이터']",37.582378,126.888443
2524637038,일반상가,매매,1/20,,5억,49,25,남향,20250509,"['25년이내', '1층', '주차가능', '천장에어컨']",37.580069,126.889006
2524642790,복합상가,매매,1/32,,18억,121,57,북동향,20250509,"['25년이내', '1층', '주차가능', '엘리베이터']",37.577085,126.891393
2524631691,일반상가,월세,1/5,200,"4,000",55,44,북동향,20250509,"['15년이내', '1층', '관리비20만원이하', '주차가능']",37.584447,126.879514
2524634120,일반상가,월세,1/24,220,"2,000",17,17,동향,20250509,"['25년이내', '1층', '주차가능', '엘리베이터']",37.580069,126.889006
2524639092,복합상가,매매,3/24,,"32억 6,900",466,308,남서향,20250509,"['25년이내', '지상층(1층제외)', '주차가능', '엘리베이터']",37.580069,126.889006
2524636375,일반상가,월세,B1/16,170,"2,000",48,48,북동향,20250509,"['10년이내', '지하층', '주차가능', '엘리베이터']",37.581344,126.888569
2524637781,일반상가,월세,1/3,250,"4,000",66,66,남향,20250509,"['25년이상', '역세권', '1층', '총3층']",37.578198,126.895476
2524635634,일반상가,월세,1/7,200,"3,000",80,48,북동향,20250509,"['15년이내', '역세권', '1층', '관리비20만원이하']",37.576351,126.893158
2524629593,복합상가,월세,1/32,409,"4,000",161,72,남동향,20250509,"['25년이내', '1층', '주차가능', '엘리베이터']",37.577554,126.890632
2524635536,일반상가,월세,2/3,150,"2,000",27,27,서향,20250509,"['4년이내', '융자금없는', '역세권', '중층']",37.577529,126.895094
2524610473,일반상가,월세,1/7,400,"5,000",82,82,북서향,20250509,"['4년이내', '역세권', '1층', '주차가능']",37.577864,126.895075
2524634533,일반상가,월세,B1/3,350,"5,000",75,75,동향,20250509,"['25년이상', '역세권', '지하층', '총3층']",37.577515,126.894534
2524636803,일반상가,매매,B1/22,,"4억 5,000",77,32,남향,20250509,"['25년이내', '지하층', '주차가능', '엘리베이터']",37.579413,126.890424
2524674769,일반상가,월세,2/5,200,"3,000",71,71,북서향,20250509,"['10년이내', '역세권', '중층', '관리비20만원이하']",37.577036,126.895057
2524636709,일반상가,월세,2/5,200,"4,000",90,90,북동향,20250509,"['15년이내', '융자금없는', '역세권', '중층']",37.578997,126.895121
2524636009,일반상가,월세,8/8,340,"5,000",81,81,남향,20250509,"['4년이내', '역세권', '고층', '주차가능']",37.575186,126.897581
2524633537,복합상가,월세,B1/22,335,"5,000",301,128,남서향,20250509,"['25년이내', '지하층', '주차가능', '엘리베이터']",37.579413,126.890424
2524480771,복합상가,월세,B1/16,640,1억,231,231,북서향,20250508,"['10년이내', '지하층', '주차가능', '엘리베이터']",37.581344,126.888569
2524339380,일반상가,월세,1/6,400,"5,000",117,117,동향,20250508,"['4년이내', '역세권', '1층', '주차가능']",37.577892,126.89568
2524522347,복합상가,월세,B1/22,220,"4,000",49,49,,20250508,"['25년이내', '지하층', '주차가능']",37.579413,126.890424
2524507769,복합상가,월세,2/16,250,"3,000",55,55,,20250508,"['10년이내', '지상층(1층제외)', '주차가능']",37.581344,126.888569
2524337304,일반상가,월세,B1/8,370,"5,000",107,83,남서향,20250508,"['4년이내', '융자금없는', '역세권', '지하층']",37.575186,126.897581
2524338164,일반상가,월세,1/8,"1,200","1억 5,000",116,116,동향,20250508,"['2년이내', '테라스', '역세권', '1층']",37.578132,126.894843
2524440594,일반상가,월세,1/4,500,"5,000",153,153,북동향,20250508,"['25년이상', '역세권', '1층', '주차가능']",37.576656,126.89488
2524511035,일반상가,월세,1/5,600,"7,200",125,115,남향,20250508,"['25년이상', '역세권', '1층', '주차가능']",37.57696,126.893204
2524513214,일반상가,월세,1/4,150,"2,000",38,33,서향,20250508,"['4년이내', '역세권', '1층', '총4층']",37.577321,126.8936
2524512650,일반상가,월세,1/3,270,"3,000",114,114,,20250508,"['25년이상', '역세권', '1층', '총3층']",37.578207,126.895262
2524339177,일반상가,월세,B1/6,300,"5,000",194,194,서향,20250508,"['4년이내', '역세권', '지하층', '주차가능']",37.577892,126.89568
2524503696,복합상가,매매,B1/16,,4억,69,69,,20250508,"['10년이내', '지하층', '주차가능']",37.581344,126.888569
2524534744,일반상가,월세,1/20,963,"9,639",583,287,동향,20250508,"['15년이내', '역세권', '1층', '주차가능']",37.576748,126.897896
2524519593,복합상가,월세,1/16,330,"5,000",52,52,,20250508,"['10년이내', '1층', '주차가능']",37.581344,126.888569
2524321845,일반상가,월세,2/2,65,"1,000",33,26,서향,20250508,"['25년이내', '고층', '주차가능', '총2층']",37.575315,126.893319
2524545047,복합상가,월세,B1/18,400,"6,000",191,96,남동향,20250508,"['10년이내', '지하층', '주차가능', '남동향']",37.581985,126.889231
2524547765,복합상가,월세,B1/16,100,"2,000",50,22,,20250508,"['10년이내', '지하층', '주차가능']",37.581344,126.888569
2524547379,복합상가,월세,1/16,284,"5,000",60,60,,20250508,"['10년이내', '1층', '주차가능']",37.581344,126.888569
2524541452,복합상가,매매,2/18,,"5억 7,000",84,42,,20250508,"['10년이내', '지상층(1층제외)', '주차가능']",37.581985,126.889231
2524414373,복합상가,매매,B1/22,,5억,122,52,북향,20250508,"['25년이내', '지하층', '주차가능', '북향']",37.579413,126.890424
2524549401,복합상가,월세,2/16,180,"2,000",37,37,,20250508,"['10년이내', '융자금없는', '지상층(1층제외)', '주차가능']",37.581344,126.888569
2524541637,일반상가,월세,B1/2,350,"5,000",75,75,서향,20250508,"['25년이상', '역세권', '지하층', '총2층']",37.577515,126.894534
2524526855,복합상가,월세,2/18,592,"8,890",326,157,남동향,20250508,"['10년이내', '지상층(1층제외)', '주차가능', '남동향']",37.581985,126.889231
2524522928,복합상가,매매,1/16,,17억,128,57,남동향,20250508,"['10년이내', '1층', '주차가능', '남동향']",37.581344,126.888569
2524528328,복합상가,월세,1/18,750,1억,75,75,,20250508,"['10년이내', '1층', '주차가능']",37.581985,126.889231
2524514992,일반상가,월세,1/4,180,"3,000",42,33,남향,20250508,"['25년이상', '역세권', '1층', '총4층']",37.576758,126.89513
2524515375,일반상가,월세,B1/5,130,"2,000",60,55,북향,20250508,"['4년이내', '융자금없는', '역세권', '지하층']",37.575546,126.897354
2524360600,일반상가,매매,B1/B1,,6억,32,28,동향,20250508,"['25년이내', '역세권', '지하층', '관리비10만원이하']",37.574954,126.897043
2524524196,복합상가,월세,B1/16,150,"2,000",40,40,남서향,20250508,"['10년이내', '지하층', '주차가능', '남서향']",37.581344,126.888569
2524523687,복합상가,월세,B1/16,100,"2,000",22,22,남서향,20250508,"['10년이내', '지하층', '주차가능', '남서향']",37.581344,126.888569
2524513876,복합상가,매매,1/16,,"2억 2,000",6,3,,20250508,"['10년이내', '1층', '주차가능']",37.581344,126.888569
2524520194,복합상가,월세,1/12,220,"3,000",50,50,남서향,20250508,"['25년이내', '1층', '주차가능', '남서향']",37.581699,126.885972
2524518824,복합상가,월세,1/16,330,"4,000",57,57,남서향,20250508,"['10년이내', '1층', '주차가능', '남서향']",37.581344,126.888569
2524504571,복합상가,월세,1/16,330,"4,000",59,59,,20250508,"['10년이내', '1층', '주차가능']",37.581344,126.888569
2524506424,복합상가,월세,1/3,100,"2,000",50,24,남향,20250508,"['25년이내', '융자금없는', '1층', '관리비10만원이하']",37.580275,126.880705
2524521048,복합상가,월세,B1/16,550,"6,000",208,208,,20250508,"['10년이내', '지하층', '주차가능']",37.581344,126.888569
2524501970,복합상가,월세,2/16,250,"3,000",54,54,,20250508,"['10년이내', '지상층(1층제외)', '주차가능']",37.581344,126.888569
2524519976,일반상가,월세,1/5,600,"8,000",160,140,북동향,20250508,"['25년이내', '역세권', '1층', '총5층']",37.577834,126.896759
2524415576,복합상가,월세,B1/24,120,"2,000",74,38,서향,20250508,"['25년이내', '지하층', '주차가능', '서향']",37.580069,126.889006
2524337950,일반상가,월세,1/5,135,"2,500",43,43,남향,20250508,"['25년이상', '융자금없는', '역세권', '1층']",37.576762,126.893551
2524361540,일반상가,월세,3/5,150,"2,000",49,49,서향,20250508,"['2년이내', '융자금없는', '역세권', '중층']",37.576511,126.896656
2524337709,일반상가,월세,1/6,200,"3,000",60,34,북향,20250508,"['25년이내', '1층', '주차가능', '엘리베이터']",37.580289,126.882967
2524340441,일반상가,월세,B1/16,160,"2,000",39,39,남동향,20250508,"['10년이내', '융자금없는', '지하층', '주차가능']",37.581344,126.888569
2524360046,일반상가,월세,5/5,120,"2,000",100,100,북향,20250508,"['25년이상', '테라스', '역세권', '고층']",37.576372,126.895201
2524501613,일반상가,월세,1/1,350,"5,000",42,42,북서향,20250508,"['25년이상', '융자금없는', '역세권', '1층']",37.578046,126.895676
2524338320,일반상가,월세,1/4,420,"5,000",36,36,동향,20250508,"['25년이내', '역세권', '1층', '주차가능']",37.576423,126.896913
2524424433,복합상가,매매,1/22,,9억,67,37,북향,20250508,"['25년이내', '1층', '주차가능', '북향']",37.579413,126.890424
2524438040,일반상가,월세,2/7,300,"3,000",123,123,북동향,20250508,"['10년이내', '역세권', '지상층(1층제외)', '주차가능']",37.577392,126.896209
2524325862,일반상가,월세,2/18,484,"6,000",85,85,동향,20250508,"['10년이내', '지상층(1층제외)', '주차가능', '엘리베이터']",37.581985,126.889231
2524539011,복합상가,매매,1/16,,27억,202,90,북동향,20250508,"['10년이내', '1층', '주차가능', '북동향']",37.581344,126.888569
2524551696,복합상가,월세,1/24,320,"5,000",168,77,북서향,20250508,"['25년이내', '1층', '주차가능', '북서향']",37.580069,126.889006
2524545798,복합상가,월세,2/18,592,"8,890",157,157,,20250508,"['10년이내', '융자금없는', '지상층(1층제외)', '주차가능']",37.581985,126.889231
2524525620,복합상가,월세,1/24,180,"3,000",25,25,,20250508,"['25년이내', '융자금없는', '1층', '주차가능']",37.580069,126.889006
2524602413,일반상가,월세,1/6,470,1억,138,130,서향,20250508,"['15년이내', '역세권', '1층', '주차가능']",37.578008,126.893621
2524540173,복합상가,매매,1/16,,"12억 5,000",91,41,,20250508,"['10년이내', '1층', '주차가능']",37.581344,126.888569
2524542845,복합상가,월세,B1/18,280,"4,000",125,62,북동향,20250508,"['10년이내', '지하층', '주차가능', '천장에어컨']",37.581985,126.889231
2524534292,복합상가,월세,1/24,150,"2,500",42,21,남동향,20250508,"['25년이내', '1층', '주차가능', '남동향']",37.580069,126.889006
2524516518,복합상가,월세,1/16,250,"3,000",41,41,,20250508,"['10년이내', '1층', '주차가능']",37.581344,126.888569
2524502434,단지내상가,월세,2/2,90,"2,000",26,26,남서향,20250508,"['25년이내', '융자금없는', '고층', '관리비10만원이하']",37.574855,126.891588
2524418309,복합상가,월세,B1/22,220,"5,000",144,61,,20250508,"['25년이내', '지하층', '주차가능']",37.579413,126.890424
2524338481,일반상가,월세,1/5,470,1억,138,138,동향,20250508,"['15년이내', '테라스', '역세권', '1층']",37.578008,126.893621
2524341418,일반상가,월세,3/7,750,"8,000",231,231,동향,20250508,"['4년이내', '역세권', '중층', '주차가능']",37.577864,126.895075
2524508212,복합상가,월세,B1/18,170,"3,000",67,33,남동향,20250508,"['10년이내', '지하층', '주차가능', '남동향']",37.581985,126.889231
2524439368,일반상가,월세,1/4,300,"5,000",79,79,북서향,20250508,"['25년이상', '역세권', '1층', '총4층']",37.577098,126.896523
2524533036,복합상가,월세,1/22,350,"5,000",68,35,남동향,20250508,"['25년이내', '1층', '주차가능', '남동향']",37.580069,126.889006
2524339804,일반상가,월세,2/4,100,"3,000",61,61,동향,20250508,"['25년이상', '융자금없는', '역세권', '중층']",37.577464,126.893779
2524541920,복합상가,월세,B1/22,180,"3,000",48,48,,20250508,"['25년이내', '지하층', '주차가능']",37.579413,126.890424
2524420487,단지내상가,월세,B1/1,300,"5,000",56,33,서향,20250508,"['25년이내', '지하층', '주차가능', '서향']",37.5777,126.888703
2524515645,복합상가,월세,1/12,556,"5,564",92,92,,20250508,"['15년이내', '융자금없는', '1층', '주차가능']",37.58234,126.886675
2524511934,복합상가,월세,1/12,160,"2,000",36,36,,20250508,"['25년이내', '1층', '주차가능']",37.581699,126.885972
2524159707,일반상가,월세,B1/3,200,"2,000",123,123,남향,20250507,"['25년이상', '융자금없는', '역세권', '지하층']",37.576251,126.89437
2524093132,복합상가,월세,1/18,750,1억,150,75,남동향,20250507,"['10년이내', '1층', '주차가능', '천장에어컨']",37.581985,126.889231
2524056091,일반상가,월세,1/2,200,"3,000",62,62,서향,20250507,"['25년이상', '융자금없는', '역세권', '1층']",37.577074,126.893765
2524162043,일반상가,월세,1/3,250,"3,000",85,85,남동향,20250507,"['25년이상', '역세권', '1층', '총3층']",37.578198,126.895476
2524056437,일반상가,월세,1/5,230,"3,000",43,43,동향,20250507,"['4년이내', '역세권', '1층', '관리비10만원이하']",37.576089,126.897536
2524081802,일반상가,월세,1/3,280,"3,500",52,52,남서향,20250507,"['25년이상', '역세권', '1층', '주차가능']",37.576251,126.89437
2524055403,일반상가,매매,B1/16,,4억,112,49,동향,20250507,"['10년이내', '지하층', '주차가능', '엘리베이터']",37.581344,126.888569
2524060488,일반상가,월세,1/1,300,"3,000",156,156,동향,20250507,"['25년이상', '1층', '주차가능', '동향']",37.575246,126.897393
2524060744,일반상가,월세,B1/7,300,"5,000",165,165,동향,20250507,"['4년이내', '역세권', '지하층', '주차가능']",37.577864,126.895075
2524064930,일반상가,월세,2/4,200,"4,000",115,115,남향,20250507,"['25년이내', '역세권', '중층', '관리비10만원이하']",37.576603,126.894103
2524285363,복합상가,월세,1/24,150,"2,500",21,21,남동향,20250507,"['25년이내', '1층', '주차가능', '남동향']",37.580069,126.889006
2524139598,일반상가,월세,1/2,830,1억,231,231,북동향,20250507,"['25년이상', '역세권', '1층', '주차가능']",37.578082,126.893954
2523863849,복합상가,월세,1/25,350,"5,000",81,44,남서향,20250507,"['25년이내', '1층', '주차가능', '남서향']",37.580069,126.889006
2523924205,복합상가,월세,1/24,350,"5,000",67,35,남향,20250507,"['25년이내', '융자금없는', '1층', '주차가능']",37.580069,126.889006
2524061843,일반상가,월세,2/16,260,"3,000",111,51,동향,20250507,"['10년이내', '지상층(1층제외)', '주차가능', '엘리베이터']",37.581344,126.888569
2524081686,복합상가,월세,B1/18,180,"2,000",68,34,북서향,20250507,"['10년이내', '지하층', '주차가능', '천장에어컨']",37.581985,126.889231
2524056394,일반상가,월세,B1/4,200,"5,000",147,147,동향,20250507,"['25년이상', '융자금없는', '역세권', '지하층']",37.577195,126.89491
2524061187,일반상가,월세,1/3,120,"1,500",36,36,남향,20250507,"['25년이상', '역세권', '1층', '총3층']",37.576343,126.895401
2524060857,일반상가,월세,3/3,130,"3,000",40,40,동향,20250507,"['25년이상', '테라스', '역세권', '고층']",37.577097,126.89437
2524293877,복합상가,매매,B1/22,,"3억 6,000",38,38,남동향,20250507,"['25년이내', '지하층', '주차가능', '남동향']",37.580069,126.889006
2524163412,단지내상가,월세,2/4,210,"2,500",80,80,북동향,20250507,"['4년이내', '역세권', '중층', '주차가능']",37.576533,126.894734
2524051762,복합상가,매매,B1/24,,7억,133,66,남서향,20250507,"['25년이내', '지하층', '주차가능', '남서향']",37.580069,126.889006
2523924911,복합상가,월세,1/22,345,"5,000",68,37,남서향,20250507,"['25년이내', '융자금없는', '1층', '주차가능']",37.579413,126.890424
2523850037,일반상가,매매,3/5,,"4억 7,000",153,87,서향,20250507,"['15년이내', '중층', '주차가능', '총5층']",37.58508,126.879837
2524007751,복합상가,월세,2/24,700,1억,290,168,남동향,20250507,"['25년이내', '지상층(1층제외)', '주차가능', '남동향']",37.581344,126.888569
2524028481,일반상가,월세,B1/3,30,500,54,31,남동향,20250507,"['25년이내', '지하층', '관리비20만원이하', '주차가능']",37.580275,126.880705
2523895468,일반상가,월세,1/5,250,"2,500",140,140,동향,20250507,"['25년이상', '역세권', '1층', '총5층']",37.576372,126.895201
2524056730,일반상가,월세,B1/4,140,"2,000",113,113,남향,20250507,"['25년이상', '융자금없는', '역세권', '지하층']",37.575974,126.895982
2524116986,일반상가,매매,4/5,,"12억 8,000",371,211,서향,20250507,"['15년이내', '고층', '주차가능', '총5층']",37.58508,126.879837
2524015892,복합상가,월세,1/24,330,"5,000",42,42,북서향,20250507,"['25년이내', '1층', '주차가능', '북서향']",37.580069,126.889006
2524052114,복합상가,매매,B1/22,,"4억 9,000",119,51,남동향,20250507,"['25년이내', '급매', '지하층', '주차가능']",37.579413,126.890424
2524061393,일반상가,월세,1/16,350,"5,000",90,40,동향,20250507,"['10년이내', '1층', '주차가능', '엘리베이터']",37.581344,126.888569
2524056544,일반상가,월세,1/4,400,"7,000",149,149,북동향,20250507,"['25년이내', '테라스', '역세권', '1층']",37.57772,126.896388
2524295240,복합상가,매매,1/16,,30억,202,91,북동향,20250507,"['10년이내', '1층', '주차가능', '북동향']",37.581344,126.888569
2524055739,일반상가,월세,6/6,220,"3,000",81,81,남향,20250507,"['10년이내', '융자금없는', '역세권', '고층']",37.578513,126.895002
2524061048,일반상가,월세,B1/4,120,"2,000",89,89,남향,20250507,"['25년이상', '역세권', '지하층', '총4층']",37.577245,126.894158
2524055813,일반상가,월세,1/4,300,"4,000",73,73,동향,20250507,"['25년이내', '테라스', '역세권', '1층']",37.578295,126.895884
2524055261,일반상가,월세,2/4,280,"3,000",77,77,남동향,20250507,"['25년이내', '테라스', '역세권', '중층']",37.576423,126.896913
2524055495,일반상가,월세,B1/18,400,"6,000",96,96,남향,20250507,"['10년이내', '융자금없는', '지하층', '주차가능']",37.581985,126.889231
2523630064,복합상가,월세,1/16,315,"5,000",34,34,,20250503,"['25년이내', '1층', '주차가능']",37.580069,126.889006
2523629030,복합상가,월세,1/24,330,"5,000",40,40,,20250503,"['25년이내', '1층', '주차가능']",37.580069,126.889006
2523624896,복합상가,월세,B1/23,120,"1,000",33,33,남동향,20250503,"['25년이내', '지하층', '주차가능', '남동향']",37.579413,126.890424
2523547209,일반상가,월세,1/5,600,"7,200",125,125,남동향,20250502,"['25년이상', '역세권', '1층', '주차가능']",37.57696,126.893204
2523613681,복합상가,월세,1/24,600,1억,62,62,,20250502,"['25년이내', '1층', '주차가능']",37.580069,126.889006
2523315603,복합상가,월세,B1/18,200,"3,000",98,49,북동향,20250502,"['10년이내', '지하층', '주차가능', '천장에어컨']",37.581985,126.889231
2523574490,복합상가,월세,B1/18,280,"3,000",141,71,,20250502,"['10년이내', '융자금없는', '지하층', '주차가능']",37.581985,126.889231
2523597094,복합상가,월세,1/24,300,"5,000",31,31,,20250502,"['25년이내', '1층', '주차가능']",37.580069,126.889006
2523314746,복합상가,월세,1/16,350,"5,000",40,40,북동향,20250502,"['10년이내', '1층', '주차가능', '엘리베이터']",37.581344,126.888569
2523390407,일반상가,월세,1/3,280,"3,500",66,66,남서향,20250502,"['25년이상', '역세권', '1층', '주차가능']",37.576251,126.89437
2523295856,일반상가,매매,B1/4,,37억,109,100,북향,20250502,"['25년이상', '역세권', '지하층', '총4층']",37.577464,126.893779
2523574086,복합상가,월세,2/18,210,"3,000",81,41,남동향,20250502,"['10년이내', '지상층(1층제외)', '주차가능', '남동향']",37.581985,126.889231
2523283443,단지내상가,매매,2/2,,2억,43,33,북향,20250502,"['15년이내', '고층', '관리비10만원이하', '총2층']",37.583464,126.878679
2523255849,단지내상가,월세,1/23,420,"7,000",31,31,남향,20250502,"['25년이내', '1층', '주차가능', '엘리베이터']",37.580069,126.889006
2523393403,복합상가,월세,B1/16,620,1억,528,231,동향,20250502,"['10년이내', '융자금없는', '지하층', '주차가능']",37.581344,126.888569
2523271286,일반상가,월세,3/5,380,"5,000",149,149,남향,20250502,"['25년이상', '역세권', '중층', '주차가능']",37.57696,126.893204
2523369792,일반상가,월세,1/3,180,"3,000",56,56,동향,20250502,"['25년이내', '테라스', '역세권', '1층']",37.575348,126.897799
2523287967,일반상가,월세,1/24,640,1억,120,62,동향,20250502,"['25년이내', '1층', '주차가능', '엘리베이터']",37.580069,126.889006
2523574914,복합상가,월세,1/16,780,1억,83,83,,20250502,"['10년이내', '1층', '주차가능']",37.581344,126.888569
2523257988,복합상가,월세,2/16,240,"3,000",70,51,남서향,20250502,"['10년이내', '지상층(1층제외)', '주차가능', '엘리베이터']",37.581344,126.888569
2523494105,단지내상가,월세,1/16,330,"4,000",131,59,북동향,20250502,"['10년이내', '융자금없는', '1층', '북동향']",37.581344,126.888569
2523499451,단지내상가,월세,B1/16,450,"7,000",268,117,남동향,20250502,"['10년이내', '융자금없는', '지하층', '남동향']",37.581344,126.888569
2523568916,복합상가,월세,1/24,315,"5,000",34,34,,20250502,"['25년이내', '1층', '주차가능']",37.580069,126.889006
2523495935,복합상가,매매,1/16,,17억,179,80,북동향,20250502,"['10년이내', '1층', '북동향']",37.581344,126.888569
2523498570,단지내상가,월세,2/16,250,"3,000",119,55,북동향,20250502,"['10년이내', '융자금없는', '지상층(1층제외)', '주차가능']",37.581344,126.888569
2523494542,복합상가,매매,1/16,,"10억 5,000",133,60,북동향,20250502,"['10년이내', '1층', '북동향']",37.581344,126.888569
2523265402,복합상가,매매,1/24,,"4억 2,000",34,17,남동향,20250502,"['25년이내', '1층', '주차가능', '남동향']",37.580069,126.889006
2523272262,복합상가,매매,1/24,,11억,72,42,남동향,20250502,"['25년이내', '1층', '주차가능', '남동향']",37.580069,126.889006
2523492613,단지내상가,월세,1/16,330,"5,000",116,52,남동향,20250502,"['10년이내', '융자금없는', '1층', '남동향']",37.581344,126.888569
2523308019,일반상가,월세,B1/3,153,"3,000",33,33,남향,20250502,"['25년이상', '역세권', '지하층', '총3층']",37.577591,126.895035
2523256445,복합상가,매매,B1/24,,4억,78,39,남서향,20250502,"['25년이내', '지하층', '주차가능', '엘리베이터']",37.579413,126.890424
2523334730,복합상가,매매,B1/24,,3억,27,27,북동향,20250501,"['25년이내', '지하층', '주차가능', '북동향']",37.579413,126.890424
2523076379,복합상가,월세,1/22,600,1억,60,31,남동향,20250430,"['25년이내', '1층', '주차가능', '남동향']",37.580069,126.889006
2523089215,복합상가,월세,B1/18,180,"3,000",83,42,남동향,20250430,"['10년이내', '지하층', '주차가능', '남동향']",37.581985,126.889231
2523088010,복합상가,월세,B1/24,90,"1,000",82,42,북향,20250430,"['25년이내', '지하층', '주차가능', '북향']",37.580069,126.889006
2523102253,복합상가,월세,2/16,370,"5,000",203,88,,20250430,"['10년이내', '융자금없는', '지상층(1층제외)', '주차가능']",37.581344,126.888569
2523058903,일반상가,월세,1/3,160,"2,000",44,44,동향,20250430,"['25년이상', '역세권', '1층', '관리비10만원이하']",37.575581,126.897779
2523095885,일반상가,월세,1/4,330,"5,000",111,111,남동향,20250430,"['25년이내', '역세권', '1층', '주차가능']",37.576603,126.894103
2523182798,복합상가,월세,1/24,550,"8,000",164,84,북서향,20250430,"['25년이내', '융자금없는', '1층', '주차가능']",37.580069,126.889006
2523116520,일반상가,월세,B1/8,700,1억,408,370,동향,20250430,"['10년이내', '역세권', '지하층', '주차가능']",37.577276,126.89505
2523160570,복합상가,월세,1/24,800,1억,161,85,북서향,20250430,"['25년이내', '융자금없는', '1층', '주차가능']",37.580069,126.889006
2523093757,일반상가,월세,1/12,220,"3,000",49,49,남서향,20250430,"['25년이내', '1층', '주차가능', '남서향']",37.581699,126.885972
2523036060,복합상가,매매,1/16,,7억,70,41,서향,20250430,"['10년이내', '1층', '주차가능', '천장에어컨']",37.581344,126.888569
2523078928,복합상가,월세,1/7,526,"5,264",238,119,동향,20250430,"['15년이내', '역세권', '1층', '주차가능']",37.578465,126.892929
2523076308,일반상가,매매,3/5,,"5억 1,000",112,63,남서향,20250430,"['15년이내', '중층', '주차가능', '총5층']",37.58508,126.879837
2523059337,일반상가,월세,1/3,220,"3,000",47,47,북동향,20250430,"['25년이상', '테라스', '역세권', '1층']",37.577737,126.895436
2523077255,복합상가,월세,B1/18,361,"3,610",250,125,동향,20250430,"['25년이내', '지하층', '주차가능', '동향']",37.579216,126.892326
2523154155,복합상가,월세,1/24,330,"5,000",78,40,북서향,20250430,"['25년이내', '융자금없는', '1층', '주차가능']",37.580069,126.889006
2523036085,복합상가,매매,1/24,,"9억 9,000",81,42,북서향,20250430,"['25년이내', '1층', '주차가능', '엘리베이터']",37.580069,126.889006
2523101332,복합상가,월세,B1/22,"1,000","1억 5,000",727,310,남동향,20250430,"['25년이내', '융자금없는', '지하층', '관리비10만원이하']",37.579413,126.890424
2523191418,복합상가,월세,B1/22,120,"1,000",92,33,남서향,20250430,"['25년이내', '융자금없는', '지하층', '주차가능']",37.579413,126.890424
2523193564,복합상가,월세,B1/22,220,"4,000",119,49,남서향,20250430,"['25년이내', '융자금없는', '지하층', '주차가능']",37.579413,126.890424
2523085869,일반상가,월세,B1/3,100,"2,000",44,44,남향,20250430,"['25년이내', '지하층', '관리비20만원이하', '주차가능']",37.580275,126.880705
2523199609,일반상가,월세,3/4,650,1억,230,230,남서향,20250430,"['25년이내', '역세권', '고층', '주차가능']",37.576555,126.893895
2523187487,복합상가,월세,1/24,180,"2,000",49,25,남향,20250430,"['25년이내', '융자금없는', '1층', '주차가능']",37.580069,126.889006
2522814398,일반상가,월세,1/3,70,"2,000",23,23,남동향,20250429,"['25년이내', '1층', '관리비10만원이하', '주차가능']",37.580275,126.880705
2522844239,일반상가,매매,1/5,,"3억 2,000",66,37,서향,20250429,"['15년이내', '1층', '주차가능', '엘리베이터']",37.58508,126.879837
2522798758,일반상가,월세,1/5,400,"3,000",36,36,서향,20250429,"['2년이내', '1층', '주차가능', '천장에어컨']",37.58508,126.879837
2522899134,복합상가,월세,1/21,500,"6,600",236,123,북동향,20250429,"['25년이내', '1층', '주차가능', '북동향']",37.576513,126.890925
2522964717,복합상가,월세,2/16,100,"1,000",49,23,,20250429,"['10년이내', '지상층(1층제외)', '주차가능']",37.581344,126.888569
2522823012,일반상가,월세,12/24,557,"5,576",460,230,북동향,20250429,"['25년이내', '중층', '주차가능', '엘리베이터']",37.580069,126.889006
2522834967,일반상가,월세,1/8,150,"2,000",64,45,북향,20250429,"['10년이내', '융자금없는', '역세권', '1층']",37.57645,126.894289
2522932024,일반상가,월세,1/3,300,"4,000",73,70,남동향,20250429,"['25년이내', '역세권', '1층', '총3층']",37.578295,126.895884
2522780628,일반상가,월세,1/18,300,"5,000",46,46,남향,20250429,"['10년이내', '융자금없는', '1층', '주차가능']",37.581985,126.889231
2522835470,일반상가,월세,B1/3,170,"3,000",74,74,동향,20250429,"['25년이상', '융자금없는', '역세권', '지하층']",37.578207,126.895262
2522796958,일반상가,월세,1/4,450,"8,000",125,125,동향,20250429,"['15년이내', '역세권', '1층', '총4층']",37.576962,126.894551
2522810499,복합상가,월세,1/24,600,1억,164,62,남서향,20250429,"['25년이내', '융자금없는', '1층', '주차가능']",37.580069,126.889006
2522861466,일반상가,월세,1/12,207,"2,400",47,47,남서향,20250429,"['10년이내', '역세권', '1층', '주차가능']",37.578549,126.894288
2522950576,일반상가,월세,1/3,304,"4,000",78,78,북향,20250429,"['25년이상', '역세권', '1층', '주차가능']",37.577,126.896647
2522976469,일반상가,매매,1/16,,14억,109,55,남향,20250429,"['10년이내', '1층', '주차가능', '엘리베이터']",37.581985,126.889231
2522955883,일반상가,월세,1/12,207,"2,400",69,47,남서향,20250429,"['10년이내', '역세권', '1층', '주차가능']",37.578549,126.894288
2522923536,복합상가,월세,1/5,400,"3,000",63,36,남서향,20250429,"['15년이내', '1층', '주차가능', '총5층']",37.58508,126.879837
2522924538,복합상가,매매,1/5,,"2억 2,000",57,32,서향,20250429,"['15년이내', '1층', '주차가능', '총5층']",37.58508,126.879837
2522931765,일반상가,월세,1/3,180,"3,000",52,52,남서향,20250429,"['25년이상', '역세권', '1층', '관리비20만원이하']",37.576264,126.895878
2522946250,복합상가,월세,1/12,200,"3,000",100,50,동향,20250429,"['25년이내', '1층', '주차가능', '동향']",37.581699,126.885972
2522932237,일반상가,월세,1/4,450,"7,000",149,132,북서향,20250429,"['25년이내', '역세권', '1층', '총4층']",37.57772,126.896388
2522778882,일반상가,월세,1/3,180,"3,000",64,64,남서향,20250429,"['25년이상', '역세권', '1층', '관리비10만원이하']",37.576311,126.89592
2522811814,일반상가,월세,1/4,260,"4,500",66,66,남향,20250429,"['25년이상', '융자금없는', '역세권', '1층']",37.577449,126.895138
2522824377,일반상가,월세,1/7,420,"5,000",102,85,동향,20250429,"['15년이내', '역세권', '1층', '주차가능']",37.575071,126.895497
2522844974,일반상가,월세,B1/22,230,"3,000",205,87,남향,20250429,"['25년이내', '지하층', '주차가능', '엘리베이터']",37.579413,126.890424
2522814664,일반상가,월세,2/3,63,"1,000",24,24,남서향,20250429,"['25년이내', '융자금없는', '중층', '관리비10만원이하']",37.580275,126.880705
2522836822,일반상가,월세,3/5,210,"2,500",80,80,북동향,20250429,"['4년이내', '융자금없는', '역세권', '중층']",37.576533,126.894734
2522777550,일반상가,월세,1/4,79,"3,000",24,24,북서향,20250429,"['25년이내', '역세권', '1층', '관리비10만원이하']",37.575567,126.896702
2522797459,일반상가,월세,1/4,330,"5,000",62,62,북서향,20250429,"['25년이내', '역세권', '1층', '주차가능']",37.577614,126.896038
2522810412,복합상가,매매,1/16,,28억,180,90,북동향,20250429,"['10년이내', '1층', '주차가능', '천장에어컨']",37.581344,126.888569
2522757301,복합상가,월세,B1/24,180,"3,000",48,48,남서향,20250428,"['25년이내', '융자금없는', '지하층', '주차가능']",37.579413,126.890424
2522643840,복합상가,매매,1/12,,"7억 5,000",144,76,,20250428,"['25년이내', '1층', '주차가능']",37.581699,126.885972
2522660900,복합상가,월세,1/16,950,2억,90,90,남동향,20250428,"['10년이내', '1층', '주차가능', '남동향']",37.581344,126.888569
2522768645,일반상가,월세,2/5,400,"5,000",186,186,동향,20250428,"['25년이상', '융자금없는', '역세권', '중층']",37.5765,126.895047
2522770503,일반상가,월세,2/5,450,"5,000",126,126,남서향,20250428,"['25년이상', '역세권', '중층', '주차가능']",37.57696,126.893204
2522615921,일반상가,월세,1/4,280,"3,500",60,52,남서향,20250428,"['25년이상', '융자금없는', '역세권', '1층']",37.576251,126.89437
2522734294,단지내상가,매매,2/18,,"5억 8,000",41,41,,20250428,"['10년이내', '지상층(1층제외)', '주차가능']",37.581985,126.889231
2522620282,일반상가,월세,B1/4,200,"2,000",123,123,남서향,20250428,"['25년이상', '융자금없는', '역세권', '지하층']",37.576251,126.89437
2522461009,복합상가,월세,1/3,100,"2,000",42,24,남서향,20250428,"['25년이내', '융자금없는', '1층', '관리비10만원이하']",37.580275,126.880705
2522762387,복합상가,매매,B1/24,,7억,127,66,남동향,20250428,"['25년이내', '지하층', '주차가능', '남동향']",37.580069,126.889006
2522610353,일반상가,월세,1/6,470,1억,138,138,북서향,20250428,"['15년이내', '역세권', '1층', '주차가능']",37.578008,126.893621
2522614149,복합상가,월세,1/23,750,"1억 3,000",276,276,남서향,20250428,"['15년이내', '1층', '주차가능', '남서향']",37.576184,126.889231
2522609932,일반상가,월세,6/6,250,"3,000",103,81,남서향,20250428,"['10년이내', '융자금없는', '역세권', '고층']",37.578513,126.895002
2522629947,일반상가,월세,1/5,220,"3,000",71,40,서향,20250428,"['15년이내', '1층', '주차가능', '총5층']",37.58508,126.879837
2522657251,복합상가,월세,1/16,330,"4,000",58,58,남서향,20250428,"['10년이내', '융자금없는', '1층', '주차가능']",37.581344,126.888569
2522459999,복합상가,월세,B1/18,90,"1,000",25,25,남동향,20250428,"['10년이내', '지하층', '주차가능', '천장에어컨']",37.581985,126.889231
2522580068,복합상가,월세,1/22,350,"5,000",37,37,북서향,20250428,"['25년이내', '1층', '엘리베이터', '천장에어컨']",37.579413,126.890424
2522763144,단지내상가,매매,B1/3,,"1억 7,000",42,24,남동향,20250428,"['25년이내', '지하층', '관리비10만원이하', '주차가능']",37.580275,126.880705
2522569013,복합상가,월세,1/7,420,"5,000",85,85,,20250428,"['15년이내', '역세권', '1층', '주차가능']",37.575071,126.895497
2522496811,복합상가,월세,1/21,750,"1억 3,000",596,276,남서향,20250428,"['15년이내', '융자금없는', '1층', '주차가능']",37.576184,126.889231
2522496814,일반상가,월세,1/2,550,"5,000",179,179,북동향,20250428,"['25년이내', '융자금없는', '역세권', '1층']",37.576558,126.892954
2522623751,일반상가,월세,1/5,"1,100","1억 2,000",372,372,북향,20250428,"['25년이상', '융자금없는', '역세권', '1층']",37.5765,126.895047
2522669335,복합상가,매매,2/32,,75억,1192,581,북동향,20250428,"['25년이내', '지상층(1층제외)', '주차가능', '북동향']",37.577085,126.891393
2522639457,일반상가,월세,3/5,105,"1,000",80,45,서향,20250428,"['15년이내', '중층', '주차가능', '총5층']",37.58508,126.879837
2522584415,일반상가,월세,3/5,180,"3,000",65,65,북서향,20250428,"['4년이내', '융자금없는', '역세권', '중층']",37.576344,126.894989
2522563925,복합상가,월세,1/23,350,"5,000",70,35,남서향,20250428,"['25년이내', '1층', '주차가능', '엘리베이터']",37.580069,126.889006
2522576901,일반상가,월세,1/4,160,"2,000",44,44,북향,20250428,"['25년이상', '역세권', '1층', '총4층']",37.575581,126.897779
2522655617,복합상가,월세,1/5,240,"3,000",40,40,,20250428,"['15년이내', '1층', '총5층']",37.58508,126.879837
2522701161,복합상가,매매,B1/23,,"1억 9,000",34,34,북동향,20250428,"['25년이내', '지하층', '주차가능', '엘리베이터']",37.579413,126.890424
2522760800,복합상가,매매,B1/22,,9억,192,83,북동향,20250428,"['25년이내', '지하층', '주차가능', '북동향']",37.579413,126.890424
2522673094,복합상가,월세,1/16,100,"2,000",23,23,,20250428,"['10년이내', '1층', '주차가능']",37.581344,126.888569
2522768995,일반상가,월세,1/1,100,"3,000",24,24,서향,20250428,"['25년이상', '테라스', '1층', '서향']",37.580275,126.880705
2522670873,복합상가,월세,1/24,380,"5,000",65,34,남서향,20250428,"['25년이내', '1층', '주차가능', '남서향']",37.580069,126.889006
2522555703,복합상가,월세,B1/18,160,"2,000",65,33,남동향,20250428,"['10년이내', '지하층', '주차가능', '엘리베이터']",37.581985,126.889231
2522509988,일반상가,월세,1/3,200,"5,000",80,72,남동향,20250428,"['25년이상', '역세권', '1층', '총3층']",37.57751,126.894258
2522761322,복합상가,월세,1/14,770,"1억 4,600",102,102,남서향,20250428,"['15년이내', '1층', '주차가능', '남서향']",37.581175,126.890786
2522633802,복합상가,매매,2/24,,24억,466,213,남서향,20250428,"['25년이내', '지상층(1층제외)', '주차가능', '남서향']",37.580069,126.889006
2522454993,일반상가,매매,1/1,,12억,66,49,남향,20250426,"['25년이상', '역세권', '1층', '남향']",37.575688,126.896667
2522354292,단지내상가,월세,B1/16,170,"2,000",72,48,남향,20250426,"['10년이내', '지하층', '주차가능', '엘리베이터']",37.581344,126.888569
2522318810,일반상가,월세,1/3,347,"2,000",45,45,남서향,20250426,"['25년이상', '역세권', '1층', '총3층']",37.577824,126.895983
2522375324,복합상가,월세,B1/22,100,"2,000",75,39,남동향,20250426,"['25년이내', '융자금없는', '지하층', '주차가능']",37.580069,126.889006
2522382618,복합상가,월세,B1/18,150,"3,000",71,35,남동향,20250426,"['10년이내', '지하층', '주차가능', '남동향']",37.581985,126.889231
2522352976,단지내상가,매매,2/2,,27억,124,124,북동향,20250426,"['25년이내', '고층', '주차가능', '총2층']",37.5777,126.888703
2522355663,단지내상가,월세,B1/24,"1,000","1억 5,000",759,310,북동향,20250426,"['25년이내', '지하층', '주차가능', '엘리베이터']",37.579413,126.890424
2522312315,일반상가,월세,B1/8,500,"8,000",138,107,남향,20250426,"['4년이내', '융자금없는', '역세권', '지하층']",37.575186,126.897581
2522315728,일반상가,월세,2/3,300,"3,000",101,101,남동향,20250426,"['25년이내', '융자금없는', '역세권', '중층']",37.57874,126.894891
2522366550,일반상가,월세,1/5,500,"5,000",153,145,북향,20250426,"['25년이상', '역세권', '1층', '주차가능']",37.576656,126.89488
2522097157,일반상가,월세,1/3,350,"5,000",91,91,서향,20250425,"['25년이상', '역세권', '1층', '총3층']",37.577515,126.894534
2522238913,복합상가,월세,B1/18,400,"6,000",198,95,남동향,20250425,"['10년이내', '지하층', '주차가능', '남동향']",37.581985,126.889231
2522239225,일반상가,월세,5/7,500,"5,000",154,154,서향,20250425,"['4년이내', '융자금없는', '역세권', '고층']",37.577864,126.895075
2522129484,복합상가,매매,B1/23,,"9억 5,000",83,83,,20250425,"['25년이내', '지하층', '주차가능', '관리비40만원이하']",37.579413,126.890424
2522276338,복합상가,월세,B1/18,200,"3,000",93,46,남동향,20250425,"['10년이내', '지하층', '주차가능', '천장에어컨']",37.581985,126.889231
2522201174,일반상가,월세,5/5,130,"2,000",43,43,서향,20250425,"['2년이내', '역세권', '고층', '관리비10만원이하']",37.576511,126.896656
2522239990,일반상가,월세,2/4,110,"2,000",42,42,동향,20250425,"['25년이내', '역세권', '중층', '관리비10만원이하']",37.577997,126.896596
2522295047,일반상가,월세,2/18,410,"6,000",169,85,남동향,20250425,"['10년이내', '지상층(1층제외)', '주차가능', '엘리베이터']",37.581985,126.889231
2522177716,복합상가,월세,1/22,180,"2,000",49,25,남동향,20250425,"['25년이내', '1층', '주차가능', '남동향']",37.580069,126.889006
2522236739,복합상가,월세,1/24,175,"2,000",50,25,남서향,20250425,"['25년이내', '1층', '주차가능', '남서향']",37.580069,126.889006
2522104043,단지내상가,매매,B1/3,,"1억 4,000",59,34,남동향,20250425,"['25년이내', '지하층', '주차가능', '총3층']",37.580275,126.880705
2522096399,일반상가,월세,1/1,150,"2,000",33,33,북향,20250425,"['25년이상', '융자금없는', '역세권', '1층']",37.578119,126.89629
2522134237,복합상가,월세,B1/23,300,"5,000",65,65,남향,20250425,"['25년이내', '지하층', '주차가능', '남향']",37.579413,126.890424
2522094887,복합상가,월세,B1/22,120,"1,000",145,33,남서향,20250425,"['25년이내', '융자금없는', '지하층', '주차가능']",37.579413,126.890424
2522132983,복합상가,월세,B1/23,190,"3,000",51,51,남동향,20250425,"['25년이내', '지하층', '주차가능', '엘리베이터']",37.579413,126.890424
2522094938,복합상가,월세,1/32,557,"6,900",153,73,북동향,20250425,"['25년이내', '융자금없는', '1층', '주차가능']",37.577085,126.891393
2522096487,일반상가,월세,2/8,215,"3,000",60,60,남향,20250425,"['4년이내', '융자금없는', '역세권', '지상층(1층제외)']",37.575186,126.897581
2522094996,복합상가,매매,2/12,,9억,90,90,남동향,20250425,"['25년이내', '급매', '지상층(1층제외)', '주차가능']",37.581699,126.885972
2522130784,복합상가,월세,B1/24,120,"2,000",38,38,남서향,20250425,"['25년이내', '지하층', '주차가능', '남서향']",37.580069,126.889006
2522133671,복합상가,매매,B1/18,,"4억 3,000",42,42,남향,20250425,"['10년이내', '지하층', '주차가능', '엘리베이터']",37.581985,126.889231
2522241974,일반상가,월세,B1/8,700,1억,408,408,동향,20250425,"['10년이내', '융자금없는', '역세권', '지하층']",37.577276,126.89505
2522294402,단지내상가,월세,2/2,90,"1,000",36,36,남서향,20250425,"['25년이내', '고층', '관리비20만원이하', '주차가능']",37.574855,126.891588
2522128966,일반상가,월세,1/3,260,"3,000",49,49,동향,20250425,"['25년이상', '역세권', '1층', '관리비10만원이하']",37.57736,126.896549
2522268579,일반상가,월세,2/3,150,"2,000",33,33,남서향,20250425,"['2년이내', '역세권', '중층', '관리비10만원이하']",37.577529,126.895094
2522295466,복합상가,매매,1/23,,"9억 5,000",37,37,남동향,20250425,"['25년이내', '1층', '주차가능', '엘리베이터']",37.579413,126.890424
2522296708,단지내상가,월세,1/2,600,"2억 5,000",61,61,남동향,20250425,"['25년이내', '1층', '주차가능', '총2층']",37.5777,126.888703
2522257217,일반상가,월세,1/5,120,"3,000",66,36,서향,20250425,"['15년이내', '1층', '주차가능', '엘리베이터']",37.58508,126.879837
2522186741,일반상가,월세,1/3,700,"7,000",214,214,남서향,20250425,"['25년이내', '역세권', '1층', '주차가능']",37.577751,126.894975
2522238997,일반상가,월세,3/6,370,"4,000",201,159,남서향,20250425,"['10년이내', '융자금없는', '역세권', '중층']",37.578513,126.895002
2521872794,일반상가,월세,B1/18,220,"3,000",38,38,동향,20250424,"['10년이내', '지하층', '주차가능', '엘리베이터']",37.581985,126.889231
2521874425,일반상가,월세,B1/14,469,"7,979",466,201,동향,20250424,"['25년이내', '지하층', '주차가능', '엘리베이터']",37.58053,126.889635
2521960580,일반상가,월세,1/3,250,"3,000",73,73,남동향,20250424,"['25년이상', '역세권', '1층', '주차가능']",37.578198,126.895476
2521885116,일반상가,월세,2/5,350,"7,500",112,112,남향,20250424,"['25년이내', '융자금없는', '역세권', '중층']",37.577662,126.893853
2521979198,일반상가,월세,3/3,150,"2,000",27,27,남향,20250424,"['2년이내', '융자금없는', '역세권', '고층']",37.577529,126.895094
2521928553,일반상가,월세,2/5,250,"3,000",88,88,남향,20250424,"['4년이내', '융자금없는', '역세권', '중층']",37.576603,126.894638
2521976223,일반상가,월세,1/8,220,"3,000",75,58,남향,20250424,"['4년이내', '융자금없는', '역세권', '1층']",37.575186,126.897581
2521998267,복합상가,월세,3/18,"2,779","2,795",1531,837,남향,20250424,"['10년이내', '지상층(1층제외)', '주차가능', '남향']",37.581985,126.889231
2522010558,일반상가,월세,1/5,250,"2,500",66,66,북동향,20250424,"['25년이상', '역세권', '1층', '관리비10만원이하']",37.576372,126.895201
2521879880,복합상가,월세,B1/23,100,"2,000",41,20,남서향,20250424,"['25년이내', '지하층', '관리비20만원이하', '주차가능']",37.580069,126.889006
2522025619,복합상가,월세,1/15,651,"5,300",132,69,남동향,20250424,"['10년이내', '1층', '주차가능', '남동향']",37.582378,126.888443
2521878836,복합상가,월세,B1/23,220,"4,000",166,83,북동향,20250424,"['25년이내', '지하층', '주차가능', '엘리베이터']",37.579413,126.890424
2522003534,일반상가,월세,1/1,150,"3,000",26,26,동향,20250424,"['25년이상', '역세권', '1층', '동향']",37.577237,126.893351
2521892333,일반상가,월세,2/4,700,1억,230,230,남서향,20250424,"['25년이내', '역세권', '중층', '주차가능']",37.576555,126.893895
2521976870,일반상가,월세,5/5,300,"4,000",66,66,동향,20250424,"['2년이내', '융자금없는', '역세권', '고층']",37.5792,126.894786
2521846770,복합상가,월세,1/24,420,"7,000",164,31,남서향,20250424,"['25년이내', '융자금없는', '1층', '주차가능']",37.580069,126.889006
2521872211,일반상가,월세,3/6,370,"4,000",159,159,동향,20250424,"['10년이내', '역세권', '중층', '주차가능']",37.578513,126.895002
2521899084,복합상가,매매,B1/16,,7억,198,86,북동향,20250424,"['10년이내', '지하층', '주차가능', '엘리베이터']",37.581344,126.888569
2521903163,복합상가,월세,2/16,250,"3,000",117,54,북서향,20250424,"['10년이내', '지상층(1층제외)', '주차가능', '엘리베이터']",37.581344,126.888569
2521873656,일반상가,월세,3/4,130,"3,000",37,37,남향,20250424,"['4년이내', '융자금없는', '역세권', '고층']",37.577952,126.896377
2521873220,일반상가,월세,4/7,250,"3,000",74,74,동향,20250424,"['2년이내', '역세권', '중층', '관리비20만원이하']",37.575682,126.897021
2521871089,일반상가,월세,3/5,120,"2,000",43,43,북동향,20250424,"['4년이내', '융자금없는', '역세권', '중층']",37.576089,126.897536
2521963496,일반상가,월세,1/3,250,"3,000",70,70,남동향,20250424,"['25년이상', '역세권', '1층', '총3층']",37.578198,126.895476
2521870836,일반상가,월세,B1/18,170,"3,000",33,33,남향,20250424,"['10년이내', '지하층', '주차가능', '엘리베이터']",37.581985,126.889231
2521861919,단지내상가,매매,2/3,,"2억 2,000",42,24,남서향,20250424,"['25년이내', '중층', '관리비10만원이하', '주차가능']",37.580275,126.880705
2521823079,복합상가,월세,B1/24,220,"4,000",50,50,남서향,20250424,"['25년이내', '지하층', '주차가능', '남서향']",37.579413,126.890424
2521628665,일반상가,매매,1/2,,"2억 6,000",30,23,북동향,20250423,"['15년이내', '1층', '관리비10만원이하', '주차가능']",37.583464,126.878679
2521748929,일반상가,월세,1/4,200,"5,000",80,80,동향,20250423,"['25년이상', '융자금없는', '역세권', '1층']",37.57751,126.894258
2521735333,일반상가,월세,3/7,750,"8,000",213,213,서향,20250423,"['4년이내', '융자금없는', '역세권', '중층']",37.577864,126.895075
2521672922,복합상가,월세,1/24,350,"5,000",35,35,남서향,20250423,"['25년이내', '1층', '주차가능', '남서향']",37.580069,126.889006
2521696231,일반상가,매매,1/4,,28억,192,192,남향,20250423,"['25년이내', '역세권', '1층', '주차가능']",37.577919,126.893787
2521681167,일반상가,월세,3/4,260,"3,000",77,77,동향,20250423,"['25년이내', '역세권', '고층', '주차가능']",37.576423,126.896913
2521745885,일반상가,월세,B1/4,300,"5,000",54,54,남서향,20250423,"['25년이상', '역세권', '지하층', '총4층']",37.575229,126.896062
2521746160,일반상가,월세,3/5,220,"3,000",66,66,동향,20250423,"['2년이내', '융자금없는', '역세권', '중층']",37.5792,126.894786
2521764225,일반상가,월세,5/7,155,"2,000",77,77,남향,20250423,"['10년이내', '역세권', '고층', '관리비20만원이하']",37.577392,126.896209
2521774742,일반상가,월세,1/4,170,"3,000",49,49,남서향,20250423,"['25년이상', '융자금없는', '역세권', '1층']",37.576758,126.89513
2521747046,일반상가,월세,1/5,200,"3,000",60,60,북향,20250423,"['10년이내', '융자금없는', '역세권', '1층']",37.575828,126.896058
2521692592,일반상가,월세,B1/8,400,"5,000",132,83,남향,20250423,"['4년이내', '융자금없는', '역세권', '지하층']",37.575186,126.897581
2521745418,일반상가,월세,3/7,250,"3,000",74,74,동향,20250423,"['2년이내', '융자금없는', '역세권', '중층']",37.575682,126.897021
2521734353,일반상가,월세,5/7,600,"7,000",181,181,서향,20250423,"['4년이내', '융자금없는', '역세권', '고층']",37.577864,126.895075
2521756589,복합상가,월세,1/24,350,"5,000",80,35,서향,20250423,"['25년이내', '1층', '주차가능', '서향']",37.579413,126.890424
2521679875,단지내상가,월세,2/2,110,"1,500",44,44,남서향,20250423,"['25년이내', '고층', '주차가능', '총2층']",37.577622,126.882919
2521764069,일반상가,매매,B1/22,,"4억 5,000",39,39,남향,20250423,"['25년이내', '지하층', '주차가능', '남향']",37.579413,126.890424
2521798637,일반상가,월세,3/23,"5,757","5억 7,570",626,626,북서향,20250423,"['15년이내', '융자금없는', '지상층(1층제외)', '주차가능']",37.576184,126.889231
2521746344,일반상가,월세,1/4,600,1억,82,82,남서향,20250423,"['25년이상', '역세권', '1층', '총4층']",37.575229,126.896062
2521691162,일반상가,월세,1/4,250,"3,000",73,73,동향,20250423,"['25년이상', '역세권', '1층', '총4층']",37.578198,126.895476
2521734743,일반상가,월세,2/3,200,"2,000",57,57,남향,20250423,"['10년이내', '역세권', '중층', '관리비10만원이하']",37.57907,126.894586
2521496299,일반상가,월세,1/2,350,"3,500",99,99,서향,20250422,"['25년이상', '테라스', '역세권', '1층']",37.577243,126.896726
2521524702,일반상가,월세,1/24,350,"5,000",68,35,,20250422,"['25년이내', '1층', '주차가능']",37.580069,126.889006
2521601596,일반상가,월세,2/4,240,"3,000",154,154,북동향,20250422,"['25년이상', '융자금없는', '역세권', '중층']",37.577464,126.893779
2521559879,복합상가,월세,1/24,340,"5,000",102,51,남서향,20250422,"['25년이내', '1층', '주차가능', '남서향']",37.580069,126.889006
2521564790,일반상가,월세,1/5,750,1억,160,160,북동향,20250422,"['25년이내', '역세권', '1층', '주차가능']",37.577834,126.896759
2521599727,일반상가,월세,8/8,240,"4,000",90,70,남향,20250422,"['4년이내', '융자금없는', '역세권', '고층']",37.575186,126.897581
2521593067,복합상가,월세,B1/22,180,"2,000",43,43,,20250422,"['25년이내', '지하층', '주차가능']",37.579413,126.890424
2521592431,복합상가,매매,2/3,,"2억 1,000",40,23,,20250422,"['25년이내', '중층', '주차가능', '총3층']",37.580275,126.880705
2521602121,일반상가,월세,1/4,150,"2,000",38,38,남동향,20250422,"['4년이내', '융자금없는', '역세권', '1층']",37.577321,126.8936
2521481495,복합상가,매매,B1/12,,"4,100",26,26,,20250422,"['25년이내', '급매', '지하층']",37.581699,126.885972
2521532991,복합상가,월세,B1/18,361,"3,610",125,125,남동향,20250422,"['15년이내', '지하층', '주차가능', '남동향']",37.579216,126.892326
2521595606,일반상가,월세,1/3,250,"4,000",62,62,서향,20250422,"['25년이상', '역세권', '1층', '총3층']",37.577054,126.893797
2521596307,일반상가,월세,B1/3,140,"2,000",90,90,북향,20250422,"['25년이상', '융자금없는', '역세권', '지하층']",37.576112,126.895846
2521537491,복합상가,매매,B1/12,,"5억 5,000",103,103,,20250422,"['25년이내', '지하층', '주차가능']",37.581699,126.885972
2521531279,복합상가,월세,1/32,409,"4,000",72,72,,20250422,"['25년이내', '융자금없는', '1층', '주차가능']",37.577554,126.890632
2521535326,복합상가,매매,B1/22,,"3억 2,000",82,35,,20250422,"['25년이내', '지하층', '주차가능']",37.579413,126.890424
2521476552,일반상가,월세,1/7,200,"3,000",48,48,북동향,20250422,"['15년이내', '역세권', '1층', '주차가능']",37.576351,126.893158
2521534251,복합상가,매매,3/16,,"5억 5,000",125,54,,20250422,"['10년이내', '지상층(1층제외)', '주차가능']",37.581344,126.888569
2521455269,일반상가,월세,1/2,220,"4,000",71,71,서향,20250422,"['25년이상', '역세권', '1층', '관리비10만원이하']",37.57731,126.893254
2521420162,복합상가,월세,1/24,180,"2,000",78,25,남서향,20250422,"['25년이내', '융자금없는', '1층', '주차가능']",37.580069,126.889006
2521394173,일반상가,월세,1/5,150,"2,000",33,33,남향,20250422,"['2년이내', '융자금적은', '역세권', '1층']",37.577529,126.895094
2521439668,일반상가,월세,B1/5,130,"2,000",60,60,동향,20250422,"['4년이내', '역세권', '지하층', '관리비20만원이하']",37.575546,126.897354
2521598777,일반상가,월세,1/8,250,"3,000",68,53,남향,20250422,"['4년이내', '융자금없는', '역세권', '1층']",37.575186,126.897581
2521585644,복합상가,월세,B1/22,335,"5,000",130,130,,20250422,"['25년이내', '지하층', '주차가능']",37.579413,126.890424
2521583470,복합상가,매매,1/12,,10억,110,58,,20250422,"['25년이내', '1층', '주차가능']",37.581699,126.885972
2521560220,복합상가,월세,1/24,330,"5,000",69,34,북서향,20250422,"['25년이내', '융자금없는', '1층', '주차가능']",37.579413,126.890424
2521593491,복합상가,월세,2/15,595,"5,000",148,148,,20250422,"['10년이내', '지상층(1층제외)', '주차가능']",37.582378,126.888443
2521534143,복합상가,매매,1/32,,"16억 5,000",146,60,북동향,20250422,"['25년이내', '1층', '주차가능', '북동향']",37.577554,126.890632
2521511689,복합상가,월세,1/15,627,"6,500",220,115,남동향,20250422,"['10년이내', '1층', '주차가능', '남동향']",37.582378,126.888443
2521477360,일반상가,월세,2/4,350,"7,500",112,112,남서향,20250422,"['25년이내', '역세권', '중층', '관리비10만원이하']",37.577662,126.893853
2521537000,복합상가,매매,2/16,,10억,176,81,,20250422,"['10년이내', '지상층(1층제외)', '주차가능']",37.581344,126.888569
2521534775,복합상가,월세,1/24,180,"2,000",48,25,북동향,20250422,"['25년이내', '1층', '관리비20만원이하', '주차가능']",37.580069,126.889006
2521536247,복합상가,매매,1/12,,"4억 2,000",50,26,,20250422,"['25년이내', '1층', '주차가능']",37.581699,126.885972
2521298771,복합상가,월세,2/16,350,"5,000",76,76,,20250421,"['10년이내', '지상층(1층제외)', '주차가능']",37.581344,126.888569
2521342924,일반상가,월세,3/5,100,"3,000",42,42,동향,20250421,"['25년이내', '역세권', '중층', '관리비10만원이하']",37.577997,126.896596
2521163819,복합상가,매매,B1/16,,4억,110,48,북동향,20250421,"['10년이내', '지하층', '주차가능', '엘리베이터']",37.581344,126.888569
2521121173,일반상가,월세,1/24,270,"4,000",60,31,남향,20250421,"['25년이내', '융자금없는', '1층', '주차가능']",37.580069,126.889006
2521120844,일반상가,월세,B1/22,420,"5,000",194,82,동향,20250421,"['25년이내', '지하층', '주차가능', '엘리베이터']",37.579413,126.890424
2521263496,복합상가,월세,1/5,120,"2,000",37,37,,20250421,"['15년이내', '1층', '총5층']",37.58508,126.879837
2521135880,일반상가,매매,3/3,,"8억 9,000",105,105,남서향,20250421,"['25년이내', '고층', '주차가능', '총3층']",37.580275,126.880705
2521289233,일반상가,월세,1/5,700,"7,000",186,186,,20250421,"['25년이상', '역세권', '1층', '주차가능']",37.5765,126.895047
2521214329,일반상가,월세,1/4,130,"2,000",26,26,북향,20250421,"['25년이상', '역세권', '1층', '주차가능']",37.576343,126.895401
2521177048,복합상가,매매,3/24,,"21억 9,000",465,213,남서향,20250421,"['25년이내', '지상층(1층제외)', '주차가능', '남서향']",37.580069,126.889006
2521168405,복합상가,월세,B1/12,50,"1,000",32,29,남향,20250421,"['25년이내', '융자금없는', '지하층', '주차가능']",37.581699,126.885972
2521125683,일반상가,월세,1/5,250,"2,500",82,66,북동향,20250421,"['25년이상', '테라스', '역세권', '1층']",37.576372,126.895201
2521184195,복합상가,월세,1/6,200,"5,000",88,50,동향,20250421,"['25년이내', '1층', '관리비10만원이하', '주차가능']",37.580289,126.882967
2521235307,일반상가,월세,2/3,300,"3,000",116,116,남동향,20250421,"['25년이내', '역세권', '중층', '주차가능']",37.57874,126.894891
2521307154,복합상가,월세,B1/12,40,500,29,29,남서향,20250421,"['25년이내', '융자금없는', '지하층', '주차가능']",37.581699,126.885972
2521385739,복합상가,월세,B1/18,189,"2,000",40,40,,20250421,"['10년이내', '융자금적은', '지하층', '주차가능']",37.581985,126.889231
2521300104,복합상가,월세,1/24,180,"2,000",18,18,,20250421,"['25년이내', '1층', '주차가능']",37.580069,126.889006
2521314350,복합상가,월세,B1/18,180,"2,000",80,40,남동향,20250421,"['10년이내', '지하층', '주차가능', '천장에어컨']",37.581985,126.889231
2521133225,일반상가,매매,B1/22,,3억,64,27,남향,20250421,"['25년이내', '지하층', '주차가능', '엘리베이터']",37.579413,126.890424
2521211269,일반상가,월세,1/5,750,1억,160,150,남서향,20250421,"['25년이내', '역세권', '1층', '총5층']",37.577834,126.896759
2521111169,복합상가,매매,1/32,,"12억 7,000",85,38,북동향,20250421,"['25년이내', '1층', '주차가능', '엘리베이터']",37.577554,126.890632
2521109881,복합상가,월세,2/32,395,"3,400",183,86,북동향,20250421,"['25년이내', '융자금없는', '지상층(1층제외)', '주차가능']",37.577085,126.891393
2521169424,복합상가,매매,B1/24,,"2억 5,000",75,39,동향,20250421,"['25년이내', '급매', '지하층', '주차가능']",37.580069,126.889006
2521291098,일반상가,월세,1/5,200,"4,000",44,44,,20250421,"['15년이내', '1층', '주차가능', '총5층']",37.584447,126.879514
2521120150,일반상가,월세,7/8,330,"5,000",81,81,남향,20250421,"['4년이내', '역세권', '고층', '주차가능']",37.575186,126.897581
2520904711,일반상가,월세,1/5,450,"6,000",78,78,북향,20250419,"['25년이내', '역세권', '1층', '주차가능']",37.577834,126.896759
2520904232,일반상가,월세,1/2,830,1억,237,237,북동향,20250419,"['25년이상', '역세권', '1층', '주차가능']",37.578082,126.893954
2520905326,일반상가,월세,2/5,300,"4,000",82,82,북향,20250419,"['25년이내', '역세권', '중층', '주차가능']",37.577834,126.896759
2520989908,일반상가,월세,1/4,380,"5,000",49,49,남향,20250419,"['25년이상', '역세권', '1층', '총4층']",37.576285,126.895513
2520800712,일반상가,월세,1/19,526,"5,264",248,119,남동향,20250418,"['15년이내', '역세권', '1층', '주차가능']",37.578465,126.892929
2520862184,일반상가,월세,1/1,220,"2,000",47,47,,20250418,"['25년이상', '마당', '역세권', '1층']",37.577041,126.894272
2520818076,복합상가,월세,B1/22,158,"3,000",51,51,남동향,20250418,"['25년이내', '지하층', '주차가능', '남동향']",37.579413,126.890424
2520830488,일반상가,월세,1/3,380,"3,000",60,60,남향,20250418,"['25년이상', '역세권', '1층', '총3층']",37.576903,126.894457
2520900349,복합상가,월세,2/15,595,"5,000",491,148,,20250418,"['10년이내', '지상층(1층제외)', '주차가능']",37.582378,126.888443
2520824462,복합상가,월세,1/15,630,"6,500",115,115,,20250418,"['10년이내', '1층', '주차가능']",37.582378,126.888443
2520848950,복합상가,월세,2/18,410,"6,000",82,82,남동향,20250418,"['10년이내', '지상층(1층제외)', '주차가능', '남동향']",37.581985,126.889231
2520724724,복합상가,월세,B1/16,170,"2,000",85,39,남서향,20250418,"['10년이내', '지하층', '주차가능', '엘리베이터']",37.581344,126.888569
2520778871,복합상가,매매,2/5,,"10억 5,000",242,186,서향,20250418,"['25년이내', '중층', '주차가능', '총5층']",37.580164,126.883511
2520688991,일반상가,월세,1/3,200,"5,000",80,80,남향,20250418,"['25년이상', '융자금없는', '역세권', '1층']",37.57751,126.894258
2520787379,일반상가,월세,B1/22,140,"2,000",38,38,남향,20250418,"['25년이내', '지하층', '주차가능', '엘리베이터']",37.579413,126.890424
2520765277,복합상가,월세,1/18,350,"5,000",45,45,남동향,20250418,"['10년이내', '1층', '주차가능', '남동향']",37.581985,126.889231
2520694872,일반상가,월세,1/6,191,"5,000",37,26,서향,20250418,"['25년이내', '1층', '관리비10만원이하', '주차가능']",37.580164,126.883511
2520831751,복합상가,월세,B1/18,400,"8,000",192,96,남동향,20250418,"['10년이내', '지하층', '주차가능', '남동향']",37.581985,126.889231
2520896720,복합상가,매매,1/18,,10억,70,35,남동향,20250418,"['10년이내', '1층', '주차가능', '남동향']",37.581985,126.889231
2520777658,복합상가,월세,3/16,370,"5,000",88,88,남동향,20250418,"['10년이내', '지상층(1층제외)', '주차가능', '남동향']",37.581344,126.888569
2520610638,단지내상가,월세,B1/22,950,"1억 5,000",757,310,동향,20250417,"['25년이내', '융자금없는', '지하층', '주차가능']",37.579413,126.890424
2520404517,복합상가,매매,2/22,,36억,376,155,남서향,20250417,"['25년이내', '지상층(1층제외)', '주차가능', '엘리베이터']",37.579413,126.890424
2520484637,단지내상가,매매,1/1,,6억,33,28,북동향,20250417,"['25년이내', '역세권', '1층', '주차가능']",37.574954,126.897043
2520482596,복합상가,월세,B1/22,350,"5,500",274,116,서향,20250417,"['25년이내', '융자금없는', '지하층', '주차가능']",37.579413,126.890424
2520447748,단지내상가,월세,2/2,90,"2,000",47,36,남서향,20250417,"['25년이내', '고층', '주차가능', '총2층']",37.574855,126.891588
2520384876,일반상가,월세,1/4,500,"8,000",99,99,동향,20250417,"['25년이상', '역세권', '1층', '총4층']",37.576962,126.894551
2520650233,일반상가,월세,5/7,600,"7,000",180,180,남서향,20250417,"['4년이내', '역세권', '고층', '남서향']",37.577864,126.895075
2520450071,복합상가,월세,1/24,420,"7,000",62,31,남서향,20250417,"['25년이내', '1층', '주차가능', '엘리베이터']",37.580069,126.889006
2520429775,일반상가,월세,B1/22,305,"4,000",59,59,남향,20250417,"['25년이내', '융자금없는', '지하층', '주차가능']",37.581344,126.888569
2520404498,복합상가,매매,2/24,,24억,465,213,남서향,20250417,"['25년이내', '지상층(1층제외)', '주차가능', '엘리베이터']",37.580069,126.889006
2520411549,일반상가,월세,전체층/3,150,"2,000",80,80,동향,20250417,"['15년이내', '테라스', '역세권', '총3층']",37.57887,126.894958
2520486739,단지내상가,매매,B1/1,,"11억 5,000",56,56,북동향,20250417,"['25년이내', '역세권', '지하층', '주차가능']",37.574954,126.897043
2520417220,복합상가,월세,B1/22,390,"6,000",306,130,남향,20250417,"['25년이내', '융자금없는', '지하층', '주차가능']",37.579413,126.890424
2520471023,일반상가,월세,1/3,250,"3,000",81,81,남동향,20250417,"['25년이상', '역세권', '1층', '총3층']",37.577396,126.893271
2520383950,일반상가,월세,1/3,350,"3,000",112,112,남동향,20250417,"['25년이상', '역세권', '1층', '총3층']",37.576903,126.894457
2520447327,일반상가,월세,1/4,130,"1,500",41,41,북향,20250417,"['25년이상', '역세권', '1층', '총4층']",37.576343,126.895401
2520451791,단지내상가,매매,B1/18,,"4억 3,000",84,42,남동향,20250417,"['10년이내', '지하층', '주차가능', '엘리베이터']",37.581985,126.889231
2520411952,일반상가,월세,1/3,830,1억,355,355,동향,20250417,"['25년이상', '역세권', '1층', '주차가능']",37.578016,126.893886
2520611751,단지내상가,매매,B1/15,,7억,78,41,동향,20250417,"['25년이내', '지하층', '관리비10만원이하', '주차가능']",37.580069,126.889006
2520580562,일반상가,월세,3/5,260,"3,000",74,66,남동향,20250417,"['25년이내', '역세권', '중층', '관리비10만원이하']",37.576423,126.896913
2520608817,일반상가,월세,1/3,150,"2,000",33,33,남서향,20250417,"['2년이내', '역세권', '1층', '관리비20만원이하']",37.577529,126.895094
2520490196,일반상가,매매,1/1,,15억,41,41,북서향,20250417,"['25년이상', '역세권', '1층', '북서향']",37.579118,126.894901
2520412436,일반상가,월세,B1/22,190,"4,000",102,43,남향,20250417,"['25년이내', '지하층', '주차가능', '엘리베이터']",37.579413,126.890424
2520580181,일반상가,월세,2/5,280,"3,000",74,66,남동향,20250417,"['25년이내', '역세권', '중층', '관리비10만원이하']",37.576423,126.896913
2520539480,단지내상가,월세,2/2,80,"1,000",31,24,남향,20250417,"['15년이내', '고층', '주차가능', '총2층']",37.583464,126.878679
2520367087,복합상가,월세,1/18,350,"5,000",90,45,,20250416,"['10년이내', '1층', '주차가능']",37.581985,126.889231
2520267872,복합상가,월세,B1/22,130,"2,000",65,38,남서향,20250416,"['25년이내', '지하층', '주차가능', '남서향']",37.579413,126.890424
2520233853,복합상가,월세,B1/22,120,"1,000",77,33,동향,20250416,"['25년이내', '지하층', '주차가능', '동향']",37.579413,126.890424
2520334913,일반상가,월세,4/4,150,"3,000",90,90,북향,20250416,"['15년이내', '융자금없는', '역세권', '고층']",37.578997,126.895121
2520273476,일반상가,월세,1/15,627,"6,500",322,148,동향,20250416,"['10년이내', '1층', '주차가능', '동향']",37.582378,126.888443
2520334554,일반상가,월세,1/1,300,"5,000",57,57,남향,20250416,"['25년이상', '테라스', '역세권', '1층']",37.576372,126.895794
2520198997,복합상가,월세,B1/22,135,"2,000",132,56,남서향,20250416,"['25년이내', '지하층', '주차가능', '남서향']",37.579413,126.890424
2520316057,일반상가,월세,B1/22,300,"4,000",92,92,동향,20250416,"['25년이내', '지하층', '주차가능', '엘리베이터']",37.579413,126.890424
2520333960,일반상가,월세,5/5,150,"3,000",65,65,동향,20250416,"['10년이내', '역세권', '고층', '관리비10만원이하']",37.578861,126.895341
2520337593,복합상가,매매,3/22,,"32억 6,900",466,308,남서향,20250416,"['25년이내', '지상층(1층제외)', '주차가능', '남서향']",37.580069,126.889006
2520027745,복합상가,매매,2/24,,19억,106,53,남동향,20250415,"['25년이내', '지상층(1층제외)', '주차가능', '엘리베이터']",37.580069,126.889006
2520011415,복합상가,매매,3/24,,"32억 6,900",81,40,서향,20250415,"['25년이내', '지상층(1층제외)', '주차가능', '엘리베이터']",37.580069,126.889006
2520036070,복합상가,매매,1/16,,16억,129,58,,20250415,"['10년이내', '1층', '주차가능']",37.581344,126.888569
2520142975,복합상가,월세,B1/24,120,"1,000",33,33,남서향,20250415,"['25년이내', '융자금없는', '지하층', '주차가능']",37.579413,126.890424
2520001248,일반상가,월세,B1/22,120,"1,000",66,33,동향,20250415,"['2년이내', '지하층', '주차가능', '동향']",37.579413,126.890424
2519971715,단지내상가,월세,B1/18,180,"2,000",34,34,남서향,20250415,"['10년이내', '지하층', '주차가능', '엘리베이터']",37.581985,126.889231
2520001594,복합상가,월세,B1/18,410,"6,000",82,82,북서향,20250415,"['10년이내', '지하층', '주차가능', '북서향']",37.581985,126.889231
2519972065,복합상가,매매,1/15,,7억,70,41,북동향,20250415,"['10년이내', '1층', '주차가능', '북동향']",37.581344,126.888569
2519980829,일반상가,월세,4/5,180,"3,000",74,74,북동향,20250415,"['4년이내', '융자금없는', '역세권', '고층']",37.576447,126.894839
2520006541,복합상가,월세,2/15,"1,480","1억 4,809",342,342,동향,20250415,"['10년이내', '융자금없는', '지상층(1층제외)', '동향']",37.582378,126.888443
2520033221,복합상가,월세,2/24,320,"5,000",168,77,남동향,20250415,"['25년이내', '융자금없는', '지상층(1층제외)', '주차가능']",37.580069,126.889006
2519952182,복합상가,매매,2/32,,"4억 2,000",93,43,북동향,20250415,"['25년이내', '지상층(1층제외)', '주차가능', '엘리베이터']",37.577554,126.890632
2519952185,복합상가,매매,1/16,,"10억 1,000",83,41,북동향,20250415,"['10년이내', '1층', '주차가능', '엘리베이터']",37.581985,126.889231
2519985719,일반상가,월세,4/5,380,1억,408,232,서향,20250415,"['15년이내', '고층', '주차가능', '총5층']",37.58508,126.879837
2519631497,일반상가,월세,5/5,300,"4,000",53,53,북동향,20250414,"['2년이내', '융자금없는', '역세권', '고층']",37.5792,126.894786
2519908400,일반상가,월세,2/5,265,"3,000",153,153,북서향,20250414,"['25년이상', '역세권', '중층', '관리비10만원이하']",37.576656,126.89488
2519775720,일반상가,매매,1/6,,"4억 5,000",69,34,동향,20250414,"['25년이내', '1층', '급매', '관리비10만원이하']",37.580289,126.882967
2519832161,일반상가,월세,2/5,210,"3,000",101,101,서향,20250414,"['25년이상', '역세권', '중층', '총5층']",37.577957,126.89597
2519778920,일반상가,월세,4/4,260,"3,000",77,77,동향,20250414,"['25년이내', '역세권', '고층', '주차가능']",37.576423,126.896913
2519798039,복합상가,월세,2/5,100,"1,000",45,34,서향,20250414,"['15년이내', '중층', '주차가능', '총5층']",37.58508,126.879837
2519616276,일반상가,월세,B1/8,700,1억,408,408,동향,20250414,"['10년이내', '역세권', '지하층', '주차가능']",37.577455,126.894958
2519767592,복합상가,월세,3/23,869,"1억 3,043",785,330,남동향,20250414,"['15년이내', '지상층(1층제외)', '주차가능', '엘리베이터']",37.576184,126.889231
2519754840,일반상가,월세,1/3,270,"3,000",114,14,북동향,20250414,"['25년이상', '융자금없는', '역세권', '1층']",37.578207,126.895262
2519863898,복합상가,월세,B1/22,250,"5,000",147,62,서향,20250414,"['25년이내', '지하층', '주차가능', '서향']",37.579413,126.890424
2519844110,일반상가,월세,4/5,220,"4,000",66,66,동향,20250414,"['2년이내', '역세권', '고층', '관리비20만원이하']",37.5792,126.894786
2519753958,일반상가,월세,5/5,250,"3,000",55,50,동향,20250414,"['25년이내', '역세권', '고층', '주차가능']",37.576423,126.896913
2519777949,일반상가,월세,3/3,65,"1,000",52,26,서향,20250414,"['25년이내', '고층', '관리비10만원이하', '주차가능']",37.580275,126.880705
2519797515,일반상가,월세,2/7,200,"3,000",85,82,서향,20250414,"['4년이내', '융자금없는', '역세권', '지상층(1층제외)']",37.577864,126.895075
2519616256,일반상가,월세,1/5,750,"8,000",165,165,북동향,20250414,"['25년이내', '역세권', '1층', '주차가능']",37.577834,126.896759
2519692601,복합상가,매매,B1/16,,7억,235,103,남동향,20250414,"['10년이내', '지하층', '주차가능', '엘리베이터']",37.581344,126.888569
2519791621,일반상가,월세,1/7,400,"5,000",84,82,서향,20250414,"['4년이내', '융자금없는', '역세권', '1층']",37.577864,126.895075
2519873327,일반상가,월세,1/1,300,"3,000",148,148,남동향,20250414,"['25년이상', '역세권', '1층', '주차가능']",37.575246,126.897393
2519616244,일반상가,월세,5/5,300,"4,000",56,56,동향,20250414,"['2년이내', '역세권', '고층', '관리비20만원이하']",37.5792,126.894786
2519616155,일반상가,월세,1/4,180,"3,000",66,66,서향,20250414,"['25년이상', '역세권', '1층', '총4층']",37.576264,126.895878
2519616214,일반상가,월세,2/5,110,"2,000",42,42,동향,20250414,"['25년이내', '역세권', '중층', '관리비10만원이하']",37.577997,126.896596
2519648922,일반상가,월세,1/5,600,"8,000",161,161,북서향,20250414,"['25년이내', '융자금없는', '역세권', '1층']",37.577834,126.896759
2519703160,복합상가,월세,1/24,330,"5,000",81,40,서향,20250414,"['25년이내', '1층', '주차가능', '엘리베이터']",37.580069,126.889006
2519622600,복합상가,월세,1/32,270,"3,500",64,30,북동향,20250414,"['25년이내', '융자금없는', '1층', '주차가능']",37.577085,126.891393
2519687386,복합상가,월세,B1/18,220,"3,000",77,38,남동향,20250414,"['10년이내', '융자금없는', '지하층', '주차가능']",37.581985,126.889231
2519742321,일반상가,월세,1/5,500,"5,000",153,153,북동향,20250414,"['25년이상', '역세권', '1층', '주차가능']",37.576656,126.89488
2519622617,단지내상가,월세,1/2,300,"5,000",56,33,북동향,20250414,"['25년이내', '융자금없는', '1층', '관리비10만원이하']",37.5777,126.888703
2519753952,복합상가,월세,B1/24,120,"1,000",66,33,남동향,20250414,"['25년이내', '지하층', '주차가능', '엘리베이터']",37.579413,126.890424
2519622590,복합상가,월세,B1/22,95,"1,000",23,23,남서향,20250414,"['25년이내', '융자금없는', '지하층', '관리비20만원이하']",37.579413,126.890424
2519622650,복합상가,매매,1/32,,11억,111,52,북동향,20250414,"['25년이내', '1층', '주차가능', '엘리베이터']",37.577085,126.891393
2519733382,복합상가,월세,B1/24,300,"4,000",77,77,남서향,20250414,"['25년이내', '융자금없는', '지하층', '주차가능']",37.579413,126.890424
2519528356,일반상가,월세,1/7,420,"5,000",218,109,북향,20250412,"['15년이내', '역세권', '1층', '주차가능']",37.575071,126.895497
2519471443,복합상가,월세,1/24,500,"8,000",164,85,남서향,20250412,"['25년이내', '1층', '주차가능', '남서향']",37.580069,126.889006
2519491153,단지내상가,월세,2/2,70,"1,000",33,33,남서향,20250412,"['25년이내', '고층', '주차가능', '총2층']",37.575315,126.893319
2519529800,일반상가,월세,1/4,350,"5,000",62,58,북향,20250412,"['25년이내', '융자금없는', '역세권', '1층']",37.577614,126.896038
2519490242,일반상가,월세,1/3,270,"3,000",114,100,남서향,20250412,"['25년이상', '융자금없는', '역세권', '1층']",37.578207,126.895262
2519496230,일반상가,월세,3/5,550,"9,000",452,257,동향,20250412,"['15년이내', '중층', '주차가능', '총5층']",37.58508,126.879837
2519443843,일반상가,월세,2/4,200,"4,000",90,90,북동향,20250412,"['15년이내', '융자금없는', '역세권', '중층']",37.578997,126.895121
2519535626,일반상가,월세,2/4,150,"2,000",70,65,북향,20250412,"['25년이상', '융자금없는', '역세권', '중층']",37.576343,126.895401
2519421096,단지내상가,매매,2/10,,"16억 5,000",137,104,남서향,20250412,"['4년이내', '역세권', '급매', '지상층(1층제외)']",37.57701,126.896961
2519283327,일반상가,월세,B1/3,80,"2,000",86,83,남향,20250411,"['25년이상', '역세권', '지하층', '관리비10만원이하']",37.575122,126.897818
2519277586,복합상가,매매,B1/24,,"8억 5,000",181,77,북동향,20250411,"['25년이내', '지하층', '주차가능', '북동향']",37.579413,126.890424
2519380688,복합상가,매매,1/12,,"9억 5,000",89,47,남서향,20250411,"['25년이내', '1층', '주차가능', '남서향']",37.581699,126.885972
2519382614,복합상가,매매,1/12,,"3억 7,000",23,23,남서향,20250411,"['25년이내', '1층', '주차가능', '남서향']",37.581699,126.885972
2519238361,복합상가,매매,2/25,,24억,466,213,서향,20250411,"['25년이내', '지상층(1층제외)', '주차가능', '서향']",37.580069,126.889006
2519181301,일반상가,월세,B1/24,100,"2,000",20,20,남향,20250411,"['25년이내', '테라스', '지하층', '주차가능']",37.580069,126.889006
2519225745,일반상가,월세,2/5,250,"3,000",79,79,북동향,20250411,"['4년이내', '융자금없는', '역세권', '중층']",37.576447,126.894839
2519243010,복합상가,매매,B1/12,,5억,147,70,,20250411,"['25년이내', '지하층', '주차가능']",37.581699,126.885972
2519386577,복합상가,월세,B1/22,"1,000","1억 5,000",310,310,,20250411,"['25년이내', '지하층', '주차가능']",37.579413,126.890424
2518839444,일반상가,월세,2/5,210,"3,000",101,90,남향,20250411,"['25년이상', '역세권', '중층', '관리비10만원이하']",37.577957,126.89597
2519272114,복합상가,월세,1/16,330,"5,000",115,52,북동향,20250411,"['10년이내', '융자금없는', '1층', '주차가능']",37.581344,126.888569
2519379844,복합상가,매매,B1/24,,3억,79,41,북서향,20250411,"['25년이내', '지하층', '관리비20만원이하', '주차가능']",37.580069,126.889006
2519268794,단지내상가,매매,2/2,,27억,215,124,북향,20250411,"['25년이내', '고층', '주차가능', '총2층']",37.5777,126.888703
2518958911,복합상가,매매,B1/23,,"4억 5,000",38,38,남향,20250410,"['25년이내', '지하층', '주차가능', '남향']",37.579413,126.890424
2518955103,일반상가,매매,4/4,,36억,109,109,동향,20250410,"['25년이상', '역세권', '고층', '주차가능']",37.577464,126.893779
2518978457,복합상가,매매,B1/24,,"9억 5,000",140,83,북동향,20250410,"['25년이내', '지하층', '주차가능', '북동향']",37.579413,126.890424
2518992581,복합상가,월세,B1/16,170,"2,000",91,39,북동향,20250410,"['10년이내', '지하층', '주차가능', '북동향']",37.581344,126.888569
2518892774,일반상가,월세,1/1,180,"2,000",32,28,동향,20250410,"['25년이내', '역세권', '1층', '관리비10만원이하']",37.574954,126.897043
2518904604,일반상가,월세,1/23,750,"1억 3,000",277,277,남향,20250410,"['15년이내', '융자금없는', '1층', '주차가능']",37.576184,126.889231
2518878510,복합상가,월세,B1/22,220,"4,000",116,49,남서향,20250410,"['25년이내', '융자금없는', '지하층', '주차가능']",37.579413,126.890424
2518977726,복합상가,월세,1/16,750,1억,150,67,남동향,20250410,"['10년이내', '1층', '주차가능', '남동향']",37.581344,126.888569
2518985663,복합상가,매매,1/24,,27억,197,102,남서향,20250410,"['25년이내', '1층', '주차가능', '남서향']",37.580069,126.889006
2519069504,단지내상가,매매,2/2,,"2억 1,000",26,20,북동향,20250410,"['15년이내', '고층', '관리비10만원이하', '주차가능']",37.583464,126.878679
2519096673,일반상가,월세,4/5,180,"3,000",63,49,북동향,20250410,"['4년이내', '역세권', '고층', '관리비20만원이하']",37.576344,126.894989
2519045865,일반상가,월세,2/4,180,"3,000",105,99,북동향,20250410,"['25년이상', '역세권', '중층', '관리비10만원이하']",37.577245,126.894158
2518894965,일반상가,월세,B1/3,200,"2,000",148,148,남향,20250410,"['25년이상', '융자금없는', '역세권', '지하층']",37.576251,126.89437
2518872413,일반상가,월세,1/3,280,"3,500",49,49,북서향,20250410,"['25년이상', '역세권', '1층', '주차가능']",37.576251,126.89437
2518664085,복합상가,월세,3/22,"3,190","4억 7,852",2636,1221,남서향,20250409,"['15년이내', '융자금없는', '지상층(1층제외)', '주차가능']",37.576184,126.889231
2518660303,일반상가,월세,B1/3,180,"3,000",81,81,남동향,20250409,"['25년이상', '융자금없는', '역세권', '지하층']",37.577396,126.893271
2518660406,일반상가,월세,2/3,340,"5,000",102,102,남동향,20250409,"['25년이상', '융자금없는', '역세권', '중층']",37.577725,126.893366
2518664082,복합상가,월세,3/22,869,"1억 3,043",720,333,남서향,20250409,"['15년이내', '융자금없는', '지상층(1층제외)', '주차가능']",37.576184,126.889231
2518660801,일반상가,월세,3/3,130,"3,000",37,37,동향,20250409,"['4년이내', '융자금없는', '역세권', '고층']",37.577952,126.896377
2518660461,일반상가,월세,2/5,220,"3,000",65,65,북서향,20250409,"['4년이내', '융자금없는', '역세권', '중층']",37.576344,126.894989
2518660746,일반상가,월세,3/3,150,"2,000",49,49,남동향,20250409,"['25년이상', '융자금없는', '역세권', '고층']",37.577725,126.893366
2518660701,일반상가,월세,2/3,200,"3,000",53,53,남동향,20250409,"['25년이상', '융자금없는', '역세권', '중층']",37.577725,126.893366
2518660141,일반상가,월세,2/5,210,"2,500",80,80,북서향,20250409,"['4년이내', '융자금없는', '역세권', '중층']",37.576533,126.894734
2518755922,복합상가,월세,B1/18,480,"6,000",238,119,남동향,20250409,"['10년이내', '지하층', '주차가능', '남동향']",37.581985,126.889231
2518660385,일반상가,월세,3/4,150,"3,000",93,93,북동향,20250409,"['25년이상', '융자금없는', '테라스', '역세권']",37.577464,126.893779
2518840991,일반상가,월세,1/5,330,"4,500",66,66,북향,20250409,"['4년이내', '역세권', '1층', '관리비10만원이하']",37.576533,126.894734
2518832974,일반상가,월세,1/4,340,"5,000",65,65,북동향,20250409,"['25년이상', '역세권', '1층', '총4층']",37.577464,126.893779
2518660609,일반상가,월세,1/4,160,"2,000",46,46,동향,20250409,"['25년이내', '역세권', '1층', '주차가능']",37.578368,126.895553
2518724229,단지내상가,월세,3/5,360,"6,000",306,174,서향,20250409,"['15년이내', '중층', '주차가능', '총5층']",37.58508,126.879837
2518699246,복합상가,월세,B1/23,110,"1,500",79,39,남동향,20250409,"['25년이내', '융자금없는', '지하층', '주차가능']",37.580069,126.889006
2518660626,일반상가,월세,B1/4,100,"2,500",76,76,동향,20250409,"['25년이상', '융자금없는', '역세권', '지하층']",37.576779,126.894274
